Accent; defined ( 0 '#7FC97F', 1 '#BEAED4', 2 '#FDC086', 3 '#FFFF99', 4 '#386CB0', 5 '#F0027F', 6 '#BF5B17', 7 '#666666' ) 
Belgium; rgbformulae -4, 4, 9 model HSV
BioHazard; rgbformulae 3, 11, 6 model RGB
Blue_Sky; rgbformulae 23, 9, 2 model RGB
Blues; defined ( 0 '#F7FBFF', 1 '#DEEBF7', 2 '#C6DBEF', 3 '#9ECAE1', 4 '#6BAED6', 5 '#4292C6', 6 '#2171B5', 7 '#084594' )
BrBG; defined ( 0 '#8C510A', 1 '#BF812D', 2 '#DFC27D', 3 '#F6E8C3', 4 '#C7EAE5', 5 '#80CDC1', 6 '#35978F', 7 '#01665E' )
BuGn; defined ( 0 '#F7FCFD', 1 '#E5F5F9', 2 '#CCECE6', 3 '#99D8C9', 4 '#66C2A4', 5 '#41AE76', 6 '#238B45', 7 '#005824' ) 
BuPu; defined ( 0 '#F7FCFD', 1 '#E0ECF4', 2 '#BFD3E6', 3 '#9EBCDA', 4 '#8C96C6', 5 '#8C6BB1', 6 '#88419D', 7 '#6E016B' )
Cold_Hot; rgbformulae 33, 12, -22 model RGB
Cold; defined (0 "dark-blue", 1 "blue", 2 "cyan", 3 "green", 4 "white") model RGB
Colorblind; rgbformulae -36, 21, 10 model RGB
Dark2; defined ( 0 '#1B9E77', 1 '#D95F02', 2 '#7570B3', 3 '#E7298A', 4 '#66A61E', 5 '#E6AB02', 6 '#A6761D', 7 '#666666' ) 
Dawn; rgbformulae 7, 4, 11 model RGB
Disco; rgbformulae 30, 31, 32 model RGB
Diverging; defined ( 0 0.2298057 0.298717966 0.753683153, 0.00390625 0.234299935 0.305559204 0.759874796, 0.0078125 0.238810063 0.312388385 0.766005866, 0.01171875 0.243336663 0.319205292 0.772075394, 0.015625 0.247880265 0.326009656 0.778082421, 0.01953125 0.25244136 0.332801165 0.784026001, 0.0234375 0.257020396 0.339579464 0.789905199, 0.02734375 0.261617779 0.346344164 0.79571909, 0.03125 0.26623388 0.353094838 0.801466763, 0.03515625 0.270869029 0.359831032 0.807147315, 0.0390625 0.275523523 0.36655226 0.812759858, 0.04296875 0.28019762 0.373258014 0.818303516, 0.046875 0.284891546 0.379947761 0.823777422, 0.05078125 0.289605495 0.386620945 0.829180725, 0.0546875 0.294339624 0.393276993 0.834512584, 0.05859375 0.299094064 0.399915313 0.839772171, 0.0625 0.30386891 0.406535296 0.84495867, 0.06640625 0.308664231 0.413136319 0.850071279, 0.0703125 0.313480065 0.419717745 0.855109207, 0.07421875 0.318316422 0.426278924 0.860071679, 0.078125 0.323173283 0.432819194 0.864957929, 0.08203125 0.328050603 0.439337884 0.869767207, 0.0859375 0.332948312 0.445834313 0.874498775, 0.08984375 0.337866311 0.45230779 0.87915191, 0.09375 0.342804478 0.458757618 0.883725899, 0.09765625 0.347762667 0.465183092 0.888220047, 0.1015625 0.352740705 0.471583499 0.892633669, 0.10546875 0.357738399 0.477958123 0.896966095, 0.109375 0.362755532 0.484306241 0.90121667, 0.11328125 0.367791863 0.490627125 0.905384751, 0.1171875 0.372847134 0.496920043 0.909469711, 0.12109375 0.37792106 0.503184261 0.913470934, 0.125 0.38301334 0.50941904 0.917387822, 0.12890625 0.38812365 0.515623638 0.921219788, 0.1328125 0.39325165 0.521797312 0.924966262, 0.13671875 0.398396976 0.527939316 0.928626686, 0.140625 0.40355925 0.534048902 0.932200518, 0.14453125 0.408738074 0.540125323 0.93568723, 0.1484375 0.413933033 0.546167829 0.939086309, 0.15234375 0.419143694 0.552175668 0.942397257, 0.15625 0.424369608 0.558148092 0.945619588, 0.16015625 0.429610311 0.564084349 0.948752835, 0.1640625 0.434865321 0.56998369 0.951796543, 0.16796875 0.440134144 0.575845364 0.954750272, 0.171875 0.445416268 0.581668623 0.957613599, 0.17578125 0.450711169 0.587452719 0.960386113, 0.1796875 0.456018308 0.593196905 0.96306742, 0.18359375 0.461337134 0.598900436 0.96565714, 0.1875 0.46666708 0.604562568 0.968154911, 0.19140625 0.472007569 0.61018256 0.970560381, 0.1953125 0.477358011 0.615759672 0.972873218, 0.19921875 0.482717804 0.621293167 0.975093102, 0.203125 0.488086336 0.626782311 0.97721973, 0.20703125 0.493462982 0.632226371 0.979252813, 0.2109375 0.498847107 0.637624618 0.981192078, 0.21484375 0.504238066 0.642976326 0.983037268, 0.21875 0.509635204 0.648280772 0.98478814, 0.22265625 0.515037856 0.653537236 0.986444467, 0.2265625 0.520445349 0.658745003 0.988006036, 0.23046875 0.525857 0.66390336 0.989472652, 0.234375 0.531272118 0.669011598 0.990844132, 0.23828125 0.536690004 0.674069012 0.99212031, 0.2421875 0.542109949 0.679074903 0.993301037, 0.24609375 0.54753124 0.684028574 0.994386177, 0.25 0.552953156 0.688929332 0.995375608, 0.25390625 0.558374965 0.693776492 0.996269227, 0.2578125 0.563795935 0.698569369 0.997066945, 0.26171875 0.569215322 0.703307287 0.997768685, 0.265625 0.574632379 0.707989572 0.99837439, 0.26953125 0.580046354 0.712615557 0.998884016, 0.2734375 0.585456486 0.717184578 0.999297533, 0.27734375 0.590862011 0.721695979 0.999614929, 0.28125 0.596262162 0.726149107 0.999836203, 0.28515625 0.601656165 0.730543315 0.999961374, 0.2890625 0.607043242 0.734877964 0.999990472, 0.29296875 0.61242261 0.739152418 0.999923544, 0.296875 0.617793485 0.743366047 0.999760652, 0.30078125 0.623155076 0.747518228 0.999501871, 0.3046875 0.628506592 0.751608345 0.999147293, 0.30859375 0.633847237 0.755635786 0.998697024, 0.3125 0.639176211 0.759599947 0.998151185, 0.31640625 0.644492714 0.763500228 0.99750991, 0.3203125 0.649795942 0.767336039 0.996773351, 0.32421875 0.655085089 0.771106793 0.995941671, 0.328125 0.660359348 0.774811913 0.995015049, 0.33203125 0.665617908 0.778450826 0.993993679, 0.3359375 0.670859959 0.782022968 0.992877768, 0.33984375 0.676084688 0.78552778 0.991667539, 0.34375 0.681291281 0.788964712 0.990363227, 0.34765625 0.686478925 0.792333219 0.988965083, 0.3515625 0.691646803 0.795632765 0.987473371, 0.35546875 0.696794099 0.798862821 0.985888369, 0.359375 0.701919999 0.802022864 0.984210369, 0.36328125 0.707023684 0.805112381 0.982439677, 0.3671875 0.712104339 0.808130864 0.980576612, 0.37109375 0.717161148 0.811077814 0.978621507, 0.375 0.722193294 0.813952739 0.976574709, 0.37890625 0.727199962 0.816755156 0.974436577, 0.3828125 0.732180337 0.81948459 0.972207484, 0.38671875 0.737133606 0.82214057 0.969887816, 0.390625 0.742058956 0.824722639 0.967477972, 0.39453125 0.746955574 0.827230344 0.964978364, 0.3984375 0.751822652 0.829663241 0.962389418, 0.40234375 0.756659379 0.832020895 0.959711569, 0.40625 0.761464949 0.834302879 0.956945269, 0.41015625 0.766238556 0.836508774 0.95409098, 0.4140625 0.770979397 0.838638169 0.951149176, 0.41796875 0.775686671 0.840690662 0.948120345, 0.421875 0.780359577 0.842665861 0.945004985, 0.42578125 0.78499732 0.84456338 0.941803607, 0.4296875 0.789599105 0.846382843 0.938516733, 0.43359375 0.79416414 0.848123884 0.935144898, 0.4375 0.798691636 0.849786142 0.931688648, 0.44140625 0.803180808 0.85136927 0.928148539, 0.4453125 0.807630872 0.852872925 0.92452514, 0.44921875 0.812041048 0.854296776 0.92081903, 0.453125 0.81641056 0.855640499 0.917030798, 0.45703125 0.820738635 0.856903782 0.913161047, 0.4609375 0.825024503 0.85808632 0.909210387, 0.46484375 0.829267397 0.859187816 0.90517944, 0.46875 0.833466556 0.860207984 0.901068838, 0.47265625 0.837621221 0.861146547 0.896879224, 0.4765625 0.841730637 0.862003236 0.892611249, 0.48046875 0.845794055 0.862777795 0.888265576, 0.484375 0.849810727 0.863469972 0.883842876, 0.48828125 0.853779913 0.864079527 0.87934383, 0.4921875 0.857700874 0.864606232 0.874769128, 0.49609375 0.861572878 0.865049863 0.870119469, 0.5 0.865395197 0.86541021 0.865395561, 0.50390625 0.86977749 0.863633958 0.859948576, 0.5078125 0.874064226 0.861776352 0.854466231, 0.51171875 0.878255583 0.859837644 0.848949435, 0.515625 0.882351728 0.857818097 0.843399101, 0.51953125 0.886352818 0.85571798 0.837816138, 0.5234375 0.890259 0.853537573 0.832201453, 0.52734375 0.89407041 0.851277164 0.826555954, 0.53125 0.897787179 0.848937047 0.820880546, 0.53515625 0.901409427 0.846517528 0.815176131, 0.5390625 0.904937269 0.844018919 0.809443611, 0.54296875 0.908370816 0.841441541 0.803683885, 0.546875 0.911710171 0.838785722 0.79789785, 0.55078125 0.914955433 0.836051799 0.792086401, 0.5546875 0.918106696 0.833240115 0.786250429, 0.55859375 0.921164054 0.830351023 0.780390824, 0.5625 0.924127593 0.827384882 0.774508472, 0.56640625 0.926997401 0.824342058 0.768604257, 0.5703125 0.929773562 0.821222926 0.76267906, 0.57421875 0.932456159 0.818027865 0.756733758, 0.578125 0.935045272 0.814757264 0.750769226, 0.58203125 0.937540984 0.811411517 0.744786333, 0.5859375 0.939943375 0.807991025 0.738785947, 0.58984375 0.942252526 0.804496196 0.732768931, 0.59375 0.944468518 0.800927443 0.726736146, 0.59765625 0.946591434 0.797285187 0.720688446, 0.6015625 0.948621357 0.793569853 0.714626683, 0.60546875 0.950558373 0.789781872 0.708551706, 0.609375 0.952402567 0.785921682 0.702464356, 0.61328125 0.954154029 0.781989725 0.696365473, 0.6171875 0.955812849 0.777986449 0.690255891, 0.62109375 0.957379123 0.773912305 0.68413644, 0.625 0.958852946 0.769767752 0.678007945, 0.62890625 0.960234418 0.765553251 0.671871226, 0.6328125 0.961523642 0.761269267 0.665727098, 0.63671875 0.962720725 0.756916272 0.659576372, 0.640625 0.963825777 0.752494738 0.653419853, 0.64453125 0.964838913 0.748005143 0.647258341, 0.6484375 0.965760251 0.743447967 0.64109263, 0.65234375 0.966589914 0.738823693 0.634923509, 0.65625 0.96732803 0.734132809 0.628751763, 0.66015625 0.967974729 0.729375802 0.62257817, 0.6640625 0.96853015 0.724553162 0.616403502, 0.66796875 0.968994435 0.719665383 0.610228525, 0.671875 0.969367729 0.714712956 0.604054002, 0.67578125 0.969650186 0.709696378 0.597880686, 0.6796875 0.969841963 0.704616143 0.591709328, 0.68359375 0.969943224 0.699472746 0.585540669, 0.6875 0.969954137 0.694266682 0.579375448, 0.69140625 0.969874878 0.688998447 0.573214394, 0.6953125 0.969705626 0.683668532 0.567058232, 0.69921875 0.96944657 0.678277431 0.560907681, 0.703125 0.969097901 0.672825633 0.554763452, 0.70703125 0.968659818 0.667313624 0.54862625, 0.7109375 0.968132528 0.661741889 0.542496774, 0.71484375 0.967516241 0.656110908 0.536375716, 0.71875 0.966811177 0.650421156 0.530263762, 0.72265625 0.966017559 0.644673104 0.524161591, 0.7265625 0.965135621 0.638867216 0.518069875, 0.73046875 0.964165599 0.63300395 0.511989279, 0.734375 0.963107739 0.627083758 0.505920462, 0.73828125 0.961962293 0.621107082 0.499864075, 0.7421875 0.960729521 0.615074355 0.493820764, 0.74609375 0.959409687 0.608986 0.487791167, 0.75 0.958003065 0.602842431 0.481775914, 0.75390625 0.956509936 0.596644046 0.475775629, 0.7578125 0.954930586 0.590391232 0.46979093, 0.76171875 0.95326531 0.584084361 0.463822426, 0.765625 0.951514411 0.57772379 0.457870719, 0.76953125 0.949678196 0.571309856 0.451936407, 0.7734375 0.947756983 0.564842879 0.446020077, 0.77734375 0.945751096 0.558323158 0.440122312, 0.78125 0.943660866 0.551750968 0.434243684, 0.78515625 0.941486631 0.545126562 0.428384763, 0.7890625 0.939228739 0.538450165 0.422546107, 0.79296875 0.936887543 0.531721972 0.41672827, 0.796875 0.934463404 0.524942147 0.410931798, 0.80078125 0.931956691 0.518110821 0.40515723, 0.8046875 0.929367782 0.511228087 0.399405096, 0.80859375 0.92669706 0.504293997 0.393675922, 0.8125 0.923944917 0.49730856 0.387970225, 0.81640625 0.921111753 0.490271735 0.382288516, 0.8203125 0.918197974 0.483183431 0.376631297, 0.82421875 0.915203996 0.476043498 0.370999065, 0.828125 0.912130241 0.468851724 0.36539231, 0.83203125 0.908977139 0.461607831 0.359811513, 0.8359375 0.905745128 0.454311462 0.354257151, 0.83984375 0.902434654 0.446962183 0.348729691, 0.84375 0.89904617 0.439559467 0.343229596, 0.84765625 0.895580136 0.43210269 0.33775732, 0.8515625 0.892037022 0.424591118 0.332313313, 0.85546875 0.888417303 0.417023898 0.326898016, 0.859375 0.884721464 0.409400045 0.321511863, 0.86328125 0.880949996 0.401718425 0.316155284, 0.8671875 0.877103399 0.393977745 0.310828702, 0.87109375 0.873182178 0.386176527 0.305532531, 0.875 0.869186849 0.378313092 0.300267182, 0.87890625 0.865117934 0.370385535 0.295033059, 0.8828125 0.860975962 0.362391695 0.289830559, 0.88671875 0.85676147 0.354329127 0.284660075, 0.890625 0.852475004 0.346195061 0.279521991, 0.89453125 0.848117114 0.337986361 0.27441669, 0.8984375 0.843688361 0.329699471 0.269344545, 0.90234375 0.839189312 0.32133036 0.264305927, 0.90625 0.834620542 0.312874446 0.259301199, 0.91015625 0.829982631 0.304326513 0.254330723, 0.9140625 0.82527617 0.295680611 0.249394851, 0.91796875 0.820501754 0.286929926 0.244493934, 0.921875 0.815659988 0.278066636 0.239628318, 0.92578125 0.810751482 0.269081721 0.234798343, 0.9296875 0.805776855 0.259964733 0.230004348, 0.93359375 0.800736732 0.250703507 0.225246666, 0.9375 0.795631745 0.24128379 0.220525627, 0.94140625 0.790462533 0.231688768 0.215841558, 0.9453125 0.785229744 0.221898442 0.211194782, 0.94921875 0.779934029 0.211888813 0.20658562, 0.953125 0.774576051 0.201630762 0.202014392, 0.95703125 0.769156474 0.191088518 0.197481414, 0.9609375 0.763675975 0.180217488 0.192987001, 0.96484375 0.758135232 0.168961101 0.188531467, 0.96875 0.752534934 0.157246067 0.184115123, 0.97265625 0.746875773 0.144974956 0.179738284, 0.9765625 0.741158452 0.132014017 0.175401259, 0.98046875 0.735383675 0.1181719 0.171104363, 0.984375 0.729552157 0.103159409 0.166847907, 0.98828125 0.723664618 0.086504694 0.162632207, 0.9921875 0.717721782 0.067344036 0.158457578, 0.99609375 0.711724383 0.043755173 0.154324339, 1 0.705673158 0.01555616 0.150232812)
Fashion; rgbformulae 23, 9, 1 model RGB
Fire; defined (0	"dark-blue", 1 "blue", 2 "red", 3 "yellow", 4 "white") model RGB
Florence; rgbformulae 8, -13, -2 model RGB
French; rgbformulae 34, -13, -34 model RGB
Fruits; rgbformulae 22, 13, -31 model RGB
GnBu; defined ( 0 '#F7FCF0', 1 '#E0F3DB', 2 '#CCEBC5', 3 '#A8DDB5', 4 '#7BCCC4', 5 '#4EB3D3', 6 '#2B8CBE', 7 '#08589E' )
Gnuplot; rgbformulae 7, 5, 15 model RGB
Gray_BW; defined (0 "black", 1 "white")
Gray_BWB; defined (0 "black", 1 "white", 2 "black") model RGB
Gray_WB; defined (0 "white", 1 "black") model RGB
Gray_WBW; defined (0 "white", 1 "black", 2 "white") model RGB
Greens; defined ( 0 '#F7FCF5', 1 '#E5F5E0', 2 '#C7E9C0', 3 '#A1D99B', 4 '#74C476', 5 '#41AB5D', 6 '#238B45', 7 '#005A32' )
Greys; defined ( 0 '#FFFFFF', 1 '#F0F0F0', 2 '#D9D9D9', 3 '#BDBDBD', 4 '#969696', 5 '#737373', 6 '#525252', 7 '#252525' )
Hot_Cold; rgbformulae -33, -12, 22 model RGB
Hot; rgbformulae 34, 35, 36 model RGB
ImagLab; rgbformulae 33, 13, 10 model RGB
JR; defined (0 "white", 1 "blue", 2 "cyan" , 3 "green", 4 "yellow", 5 "red")
Jungle; rgbformulae 33, 3, 27 model RGB
Lemon; rgbformulae 36, 7, -13 model RGB
Lime; rgbformulae 26, 3, 15 model RGB
MadLab print; defined (1 "white", 1 "#00008f", 8 "#0000ff", 24 "#00ffff", 40 "#ffff00", 56 "#ff0000", 64 "#800000")
MadLab; defined (1 "#00008f", 8 "#0000ff", 24 "#00ffff", 40 "#ffff00", 56 "#ff0000", 64 "#800000")
Neutrino_reverse; defined (0 "black", 0.05 "red", 0.4 "yellow", 0.6 "cyan", 0.95 "blue", 1 "white")
Neutrino; defined (0 "white", 0.05 "blue", 0.4 "cyan", 0.6 "yellow", 0.95 "red", 1 "black")
Old; rgbformulae 1, 9, 3 model RGB
Oranges; defined ( 0 '#FFF5EB', 1 '#FEE6CE', 2 '#FDD0A2', 3 '#FDAE6B', 4 '#FD8D3C', 5 '#F16913', 6 '#D94801', 7 '#8C2D04' )
OrRd; defined ( 0 '#FFF7EC', 1 '#FEE8C8', 2 '#FDD49E', 3 '#FDBB84', 4 '#FC8D59', 5 '#EF6548', 6 '#D7301F', 7 '#990000' )
Paired; defined ( 0 '#A6CEE3', 1 '#1F78B4', 2 '#B2DF8A', 3 '#33A02C', 4 '#FB9A99', 5 '#E31A1C', 6 '#FDBF6F', 7 '#FF7F00' ) 
Parula; defined (0 '#352a87', 1 '#0363e1',2 '#1485d4', 3 '#06a7c6', 4 '#38b99e', 5 '#92bf73', 6 '#d9ba56', 7 '#fcce2e', 8 '#f9fb0e')
Parula_white; defined (-1 '#ffffff', 0 '#352a87', 1 '#0363e1',2 '#1485d4', 3 '#06a7c6', 4 '#38b99e', 5 '#92bf73', 6 '#d9ba56', 7 '#fcce2e', 8 '#f9fb0e')
Pastel1; defined ( 0 '#FBB4AE', 1 '#B3CDE3', 2 '#CCEBC5', 3 '#DECBE4', 4 '#FED9A6', 5 '#FFFFCC', 6 '#E5D8BD', 7 '#FDDAEC' ) 
Pastel2; defined ( 0 '#B3E2CD', 1 '#FDCDAC', 2 '#CDB5E8', 3 '#F4CAE4', 4 '#D6F5C9', 5 '#FFF2AE', 6 '#F1E2CC', 7 '#CCCCCC' ) 
PiYG; defined ( 0 '#C51B7D', 1 '#DE77AE', 2 '#F1B6DA', 3 '#FDE0EF', 4 '#E6F5D0', 5 '#B8E186', 6 '#7FBC41', 7 '#4D9221' )
PRGn; defined ( 0 '#762A83', 1 '#9970AB', 2 '#C2A5CF', 3 '#E7D4E8', 4 '#D9F0D3', 5 '#A6DBA0', 6 '#5AAE61', 7 '#1B7837' )
PuBu; defined ( 0 '#FFF7FB', 1 '#ECE7F2', 2 '#D0D1E6', 3 '#A6BDDB', 4 '#74A9CF', 5 '#3690C0', 6 '#0570B0', 7 '#034E7B' )
PuBuGn; defined ( 0 '#FFF7FB', 1 '#ECE7F0', 2 '#D0D1E6', 3 '#A6BDDB', 4 '#67A9CF', 5 '#3690C0', 6 '#02818A', 7 '#016540' )
PuOr; defined ( 0 '#B35806', 1 '#E08214', 2 '#FDB863', 3 '#FEE0B6', 4 '#D8DAEB', 5 '#B2ABD2', 6 '#8073AC', 7 '#542788' )
PuRd; defined ( 0 '#F7F4F9', 1 '#E7E1EF', 2 '#D4B9DA', 3 '#C994C7', 4 '#DF65B0', 5 '#E7298A', 6 '#CE1256', 7 '#91003F' )
Purples; defined ( 0 '#FCFBFD', 1 '#EFEDF5', 2 '#DADAEB', 3 '#BCBDDC', 4 '#9E9AC8', 5 '#807DBA', 6 '#6A51A3', 7 '#4A1486' )
RdBu; defined ( 0 '#B2182B', 1 '#D6604D', 2 '#F4A582', 3 '#FDDBC7', 4 '#D1E5F0', 5 '#92C5DE', 6 '#4393C3', 7 '#2166AC' )
RdGy; defined ( 0 '#B2182B', 1 '#D6604D', 2 '#F4A582', 3 '#FDDBC7', 4 '#E0E0E0', 5 '#BABABA', 6 '#878787', 7 '#4D4D4D' )
RdPu; defined ( 0 '#FFF7F3', 1 '#FDE0DD', 2 '#FCC5C0', 3 '#FA9FB5', 4 '#F768A1', 5 '#DD3497', 6 '#AE017E', 7 '#7A0177' )
RdYlBu; defined ( 0 '#D73027', 1 '#F46D43', 2 '#FDAE61', 3 '#FEE090', 4 '#E0F3F8', 5 '#ABD9E9', 6 '#74ADD1', 7 '#4575B4' )
RdYlGn; defined ( 0 '#D73027', 1 '#F46D43', 2 '#FDAE61', 3 '#FEE08B', 4 '#D9EF8B', 5 '#A6D96A', 6 '#66BD63', 7 '#1A9850' )
Really_cold; rgbformulae 23, 28, 3 model RGB
Reds; defined ( 0 '#FFF5F0', 1 '#FEE0D2', 2 '#FCBBA1', 3 '#FC9272', 4 '#FB6A4A', 5 '#EF3B2C', 6 '#CB181D', 7 '#99000D' )
Reggae; rgbformulae -31, -12, 2 model CMY
Retro; rgbformulae -7, -6, -10 model HSV
Romania; rgbformulae -34, 13, 30 model RGB
Romantic; rgbformulae -32, -3, 1 model RGB
Set1; defined ( 0 '#E41A1C', 1 '#377EB8', 2 '#4DAF4A', 3 '#984EA3', 4 '#FF7F00', 5 '#FFFF33', 6 '#A65628', 7 '#F781BF' ) 
Set2; defined ( 0 '#66C2A5', 1 '#FC8D62', 2 '#8DA0CB', 3 '#E78AC3', 4 '#A6D854', 5 '#FFD92F', 6 '#E5C494', 7 '#B3B3B3' ) 
Set3; defined ( 0 '#8DD3C7', 1 '#FFFFB3', 2 '#BEBADA', 3 '#FB8072', 4 '#80B1D3', 5 '#FDB462', 6 '#B3DE69', 7 '#FCCDE5' ) 
Sinus_black; rgbformulae 3, 2, 19 model HSV
Spectral; defined ( 0 '#D53E4F', 1 '#F46D43', 2 '#FDAE61', 3 '#FEE08B', 4 '#E6F598', 5 '#ABDDA4', 6 '#66C2A5', 7 '#3288BD' )
Stacked_black; defined (0 "green", 1 "black", 1 "red", 2 "black", 2 "#ffa500", 3 "black", 3 "yellow", 4 "black", 4 "cyan", 5 "black", 5 "blue", 6 "black", 6 "magenta", 7 "black") model RGB
Stacked_black; defined (-1 "black", -0.5 "#008800", 0 "black",  0.5 "green", 1 "black", 1.5 "red", 2 "black", 2.5 "#ffa500", 3 "black", 3.5 "yellow", 4 "black", 4.5 "cyan", 5 "black", 5.5 "blue", 6 "black", 6.5 "magenta", 7 "black", 7.5 "#880088", 8 "black", 8.5 "white", 9 "black") model RGB
Stacked_white; defined (-1 "white", -0.5 "#008800", 0 "white",  0.5 "green", 1 "white", 1.5 "red", 2 "white", 2.5 "#ffa500", 3 "white", 3.5 "yellow", 4 "white", 4.5 "cyan", 5 "white", 5.5 "blue", 6 "white", 6.5 "magenta", 7 "white", 7.5 "#880088", 8 "white", 8.5 "black", 9 "white") model RGB
Sunset; rgbformulae 13, 30, 3 model RGB
Viridis; defined ( 0 0.267004 0.004874 0.329415, 1 0.268510 0.009605 0.335427, 2 0.269944 0.014625 0.341379, 3 0.271305 0.019942 0.347269, 4 0.272594 0.025563 0.353093, 5 0.273809 0.031497 0.358853, 6 0.274952 0.037752 0.364543, 7 0.276022 0.044167 0.370164, 8 0.277018 0.050344 0.375715, 9 0.277941 0.056324 0.381191, 10 0.278791 0.062145 0.386592, 11 0.279566 0.067836 0.391917, 12 0.280267 0.073417 0.397163, 13 0.280894 0.078907 0.402329, 14 0.281446 0.084320 0.407414, 15 0.281924 0.089666 0.412415, 16 0.282327 0.094955 0.417331, 17 0.282656 0.100196 0.422160, 18 0.282910 0.105393 0.426902, 19 0.283091 0.110553 0.431554, 20 0.283197 0.115680 0.436115, 21 0.283229 0.120777 0.440584, 22 0.283187 0.125848 0.444960, 23 0.283072 0.130895 0.449241, 24 0.282884 0.135920 0.453427, 25 0.282623 0.140926 0.457517, 26 0.282290 0.145912 0.461510, 27 0.281887 0.150881 0.465405, 28 0.281412 0.155834 0.469201, 29 0.280868 0.160771 0.472899, 30 0.280255 0.165693 0.476498, 31 0.279574 0.170599 0.479997, 32 0.278826 0.175490 0.483397, 33 0.278012 0.180367 0.486697, 34 0.277134 0.185228 0.489898, 35 0.276194 0.190074 0.493001, 36 0.275191 0.194905 0.496005, 37 0.274128 0.199721 0.498911, 38 0.273006 0.204520 0.501721, 39 0.271828 0.209303 0.504434, 40 0.270595 0.214069 0.507052, 41 0.269308 0.218818 0.509577, 42 0.267968 0.223549 0.512008, 43 0.266580 0.228262 0.514349, 44 0.265145 0.232956 0.516599, 45 0.263663 0.237631 0.518762, 46 0.262138 0.242286 0.520837, 47 0.260571 0.246922 0.522828, 48 0.258965 0.251537 0.524736, 49 0.257322 0.256130 0.526563, 50 0.255645 0.260703 0.528312, 51 0.253935 0.265254 0.529983, 52 0.252194 0.269783 0.531579, 53 0.250425 0.274290 0.533103, 54 0.248629 0.278775 0.534556, 55 0.246811 0.283237 0.535941, 56 0.244972 0.287675 0.537260, 57 0.243113 0.292092 0.538516, 58 0.241237 0.296485 0.539709, 59 0.239346 0.300855 0.540844, 60 0.237441 0.305202 0.541921, 61 0.235526 0.309527 0.542944, 62 0.233603 0.313828 0.543914, 63 0.231674 0.318106 0.544834, 64 0.229739 0.322361 0.545706, 65 0.227802 0.326594 0.546532, 66 0.225863 0.330805 0.547314, 67 0.223925 0.334994 0.548053, 68 0.221989 0.339161 0.548752, 69 0.220057 0.343307 0.549413, 70 0.218130 0.347432 0.550038, 71 0.216210 0.351535 0.550627, 72 0.214298 0.355619 0.551184, 73 0.212395 0.359683 0.551710, 74 0.210503 0.363727 0.552206, 75 0.208623 0.367752 0.552675, 76 0.206756 0.371758 0.553117, 77 0.204903 0.375746 0.553533, 78 0.203063 0.379716 0.553925, 79 0.201239 0.383670 0.554294, 80 0.199430 0.387607 0.554642, 81 0.197636 0.391528 0.554969, 82 0.195860 0.395433 0.555276, 83 0.194100 0.399323 0.555565, 84 0.192357 0.403199 0.555836, 85 0.190631 0.407061 0.556089, 86 0.188923 0.410910 0.556326, 87 0.187231 0.414746 0.556547, 88 0.185556 0.418570 0.556753, 89 0.183898 0.422383 0.556944, 90 0.182256 0.426184 0.557120, 91 0.180629 0.429975 0.557282, 92 0.179019 0.433756 0.557430, 93 0.177423 0.437527 0.557565, 94 0.175841 0.441290 0.557685, 95 0.174274 0.445044 0.557792, 96 0.172719 0.448791 0.557885, 97 0.171176 0.452530 0.557965, 98 0.169646 0.456262 0.558030, 99 0.168126 0.459988 0.558082, 100 0.166617 0.463708 0.558119, 101 0.165117 0.467423 0.558141, 102 0.163625 0.471133 0.558148, 103 0.162142 0.474838 0.558140, 104 0.160665 0.478540 0.558115, 105 0.159194 0.482237 0.558073, 106 0.157729 0.485932 0.558013, 107 0.156270 0.489624 0.557936, 108 0.154815 0.493313 0.557840, 109 0.153364 0.497000 0.557724, 110 0.151918 0.500685 0.557587, 111 0.150476 0.504369 0.557430, 112 0.149039 0.508051 0.557250, 113 0.147607 0.511733 0.557049, 114 0.146180 0.515413 0.556823, 115 0.144759 0.519093 0.556572, 116 0.143343 0.522773 0.556295, 117 0.141935 0.526453 0.555991, 118 0.140536 0.530132 0.555659, 119 0.139147 0.533812 0.555298, 120 0.137770 0.537492 0.554906, 121 0.136408 0.541173 0.554483, 122 0.135066 0.544853 0.554029, 123 0.133743 0.548535 0.553541, 124 0.132444 0.552216 0.553018, 125 0.131172 0.555899 0.552459, 126 0.129933 0.559582 0.551864, 127 0.128729 0.563265 0.551229, 128 0.127568 0.566949 0.550556, 129 0.126453 0.570633 0.549841, 130 0.125394 0.574318 0.549086, 131 0.124395 0.578002 0.548287, 132 0.123463 0.581687 0.547445, 133 0.122606 0.585371 0.546557, 134 0.121831 0.589055 0.545623, 135 0.121148 0.592739 0.544641, 136 0.120565 0.596422 0.543611, 137 0.120092 0.600104 0.542530, 138 0.119738 0.603785 0.541400, 139 0.119512 0.607464 0.540218, 140 0.119423 0.611141 0.538982, 141 0.119483 0.614817 0.537692, 142 0.119699 0.618490 0.536347, 143 0.120081 0.622161 0.534946, 144 0.120638 0.625828 0.533488, 145 0.121380 0.629492 0.531973, 146 0.122312 0.633153 0.530398, 147 0.123444 0.636809 0.528763, 148 0.124780 0.640461 0.527068, 149 0.126326 0.644107 0.525311, 150 0.128087 0.647749 0.523491, 151 0.130067 0.651384 0.521608, 152 0.132268 0.655014 0.519661, 153 0.134692 0.658636 0.517649, 154 0.137339 0.662252 0.515571, 155 0.140210 0.665859 0.513427, 156 0.143303 0.669459 0.511215, 157 0.146616 0.673050 0.508936, 158 0.150148 0.676631 0.506589, 159 0.153894 0.680203 0.504172, 160 0.157851 0.683765 0.501686, 161 0.162016 0.687316 0.499129, 162 0.166383 0.690856 0.496502, 163 0.170948 0.694384 0.493803, 164 0.175707 0.697900 0.491033, 165 0.180653 0.701402 0.488189, 166 0.185783 0.704891 0.485273, 167 0.191090 0.708366 0.482284, 168 0.196571 0.711827 0.479221, 169 0.202219 0.715272 0.476084, 170 0.208030 0.718701 0.472873, 171 0.214000 0.722114 0.469588, 172 0.220124 0.725509 0.466226, 173 0.226397 0.728888 0.462789, 174 0.232815 0.732247 0.459277, 175 0.239374 0.735588 0.455688, 176 0.246070 0.738910 0.452024, 177 0.252899 0.742211 0.448284, 178 0.259857 0.745492 0.444467, 179 0.266941 0.748751 0.440573, 180 0.274149 0.751988 0.436601, 181 0.281477 0.755203 0.432552, 182 0.288921 0.758394 0.428426, 183 0.296479 0.761561 0.424223, 184 0.304148 0.764704 0.419943, 185 0.311925 0.767822 0.415586, 186 0.319809 0.770914 0.411152, 187 0.327796 0.773980 0.406640, 188 0.335885 0.777018 0.402049, 189 0.344074 0.780029 0.397381, 190 0.352360 0.783011 0.392636, 191 0.360741 0.785964 0.387814, 192 0.369214 0.788888 0.382914, 193 0.377779 0.791781 0.377939, 194 0.386433 0.794644 0.372886, 195 0.395174 0.797475 0.367757, 196 0.404001 0.800275 0.362552, 197 0.412913 0.803041 0.357269, 198 0.421908 0.805774 0.351910, 199 0.430983 0.808473 0.346476, 200 0.440137 0.811138 0.340967, 201 0.449368 0.813768 0.335384, 202 0.458674 0.816363 0.329727, 203 0.468053 0.818921 0.323998, 204 0.477504 0.821444 0.318195, 205 0.487026 0.823929 0.312321, 206 0.496615 0.826376 0.306377, 207 0.506271 0.828786 0.300362, 208 0.515992 0.831158 0.294279, 209 0.525776 0.833491 0.288127, 210 0.535621 0.835785 0.281908, 211 0.545524 0.838039 0.275626, 212 0.555484 0.840254 0.269281, 213 0.565498 0.842430 0.262877, 214 0.575563 0.844566 0.256415, 215 0.585678 0.846661 0.249897, 216 0.595839 0.848717 0.243329, 217 0.606045 0.850733 0.236712, 218 0.616293 0.852709 0.230052, 219 0.626579 0.854645 0.223353, 220 0.636902 0.856542 0.216620, 221 0.647257 0.858400 0.209861, 222 0.657642 0.860219 0.203082, 223 0.668054 0.861999 0.196293, 224 0.678489 0.863742 0.189503, 225 0.688944 0.865448 0.182725, 226 0.699415 0.867117 0.175971, 227 0.709898 0.868751 0.169257, 228 0.720391 0.870350 0.162603, 229 0.730889 0.871916 0.156029, 230 0.741388 0.873449 0.149561, 231 0.751884 0.874951 0.143228, 232 0.762373 0.876424 0.137064, 233 0.772852 0.877868 0.131109, 234 0.783315 0.879285 0.125405, 235 0.793760 0.880678 0.120005, 236 0.804182 0.882046 0.114965, 237 0.814576 0.883393 0.110347, 238 0.824940 0.884720 0.106217, 239 0.835270 0.886029 0.102646, 240 0.845561 0.887322 0.099702, 241 0.855810 0.888601 0.097452, 242 0.866013 0.889868 0.095953, 243 0.876168 0.891125 0.095250, 244 0.886271 0.892374 0.095374, 245 0.896320 0.893616 0.096335, 246 0.906311 0.894855 0.098125, 247 0.916242 0.896091 0.100717, 248 0.926106 0.897330 0.104071, 249 0.935904 0.898570 0.108131, 250 0.945636 0.899815 0.112838, 251 0.955300 0.901065 0.118128, 252 0.964894 0.902323 0.123941, 253 0.974417 0.903590 0.130215, 254 0.983868 0.904867 0.136897, 255 0.993248 0.906157 0.143936)
Viridis_white; defined (-10 1 1 1, 0 0.267004 0.004874 0.329415, 1 0.268510 0.009605 0.335427, 2 0.269944 0.014625 0.341379, 3 0.271305 0.019942 0.347269, 4 0.272594 0.025563 0.353093, 5 0.273809 0.031497 0.358853, 6 0.274952 0.037752 0.364543, 7 0.276022 0.044167 0.370164, 8 0.277018 0.050344 0.375715, 9 0.277941 0.056324 0.381191, 10 0.278791 0.062145 0.386592, 11 0.279566 0.067836 0.391917, 12 0.280267 0.073417 0.397163, 13 0.280894 0.078907 0.402329, 14 0.281446 0.084320 0.407414, 15 0.281924 0.089666 0.412415, 16 0.282327 0.094955 0.417331, 17 0.282656 0.100196 0.422160, 18 0.282910 0.105393 0.426902, 19 0.283091 0.110553 0.431554, 20 0.283197 0.115680 0.436115, 21 0.283229 0.120777 0.440584, 22 0.283187 0.125848 0.444960, 23 0.283072 0.130895 0.449241, 24 0.282884 0.135920 0.453427, 25 0.282623 0.140926 0.457517, 26 0.282290 0.145912 0.461510, 27 0.281887 0.150881 0.465405, 28 0.281412 0.155834 0.469201, 29 0.280868 0.160771 0.472899, 30 0.280255 0.165693 0.476498, 31 0.279574 0.170599 0.479997, 32 0.278826 0.175490 0.483397, 33 0.278012 0.180367 0.486697, 34 0.277134 0.185228 0.489898, 35 0.276194 0.190074 0.493001, 36 0.275191 0.194905 0.496005, 37 0.274128 0.199721 0.498911, 38 0.273006 0.204520 0.501721, 39 0.271828 0.209303 0.504434, 40 0.270595 0.214069 0.507052, 41 0.269308 0.218818 0.509577, 42 0.267968 0.223549 0.512008, 43 0.266580 0.228262 0.514349, 44 0.265145 0.232956 0.516599, 45 0.263663 0.237631 0.518762, 46 0.262138 0.242286 0.520837, 47 0.260571 0.246922 0.522828, 48 0.258965 0.251537 0.524736, 49 0.257322 0.256130 0.526563, 50 0.255645 0.260703 0.528312, 51 0.253935 0.265254 0.529983, 52 0.252194 0.269783 0.531579, 53 0.250425 0.274290 0.533103, 54 0.248629 0.278775 0.534556, 55 0.246811 0.283237 0.535941, 56 0.244972 0.287675 0.537260, 57 0.243113 0.292092 0.538516, 58 0.241237 0.296485 0.539709, 59 0.239346 0.300855 0.540844, 60 0.237441 0.305202 0.541921, 61 0.235526 0.309527 0.542944, 62 0.233603 0.313828 0.543914, 63 0.231674 0.318106 0.544834, 64 0.229739 0.322361 0.545706, 65 0.227802 0.326594 0.546532, 66 0.225863 0.330805 0.547314, 67 0.223925 0.334994 0.548053, 68 0.221989 0.339161 0.548752, 69 0.220057 0.343307 0.549413, 70 0.218130 0.347432 0.550038, 71 0.216210 0.351535 0.550627, 72 0.214298 0.355619 0.551184, 73 0.212395 0.359683 0.551710, 74 0.210503 0.363727 0.552206, 75 0.208623 0.367752 0.552675, 76 0.206756 0.371758 0.553117, 77 0.204903 0.375746 0.553533, 78 0.203063 0.379716 0.553925, 79 0.201239 0.383670 0.554294, 80 0.199430 0.387607 0.554642, 81 0.197636 0.391528 0.554969, 82 0.195860 0.395433 0.555276, 83 0.194100 0.399323 0.555565, 84 0.192357 0.403199 0.555836, 85 0.190631 0.407061 0.556089, 86 0.188923 0.410910 0.556326, 87 0.187231 0.414746 0.556547, 88 0.185556 0.418570 0.556753, 89 0.183898 0.422383 0.556944, 90 0.182256 0.426184 0.557120, 91 0.180629 0.429975 0.557282, 92 0.179019 0.433756 0.557430, 93 0.177423 0.437527 0.557565, 94 0.175841 0.441290 0.557685, 95 0.174274 0.445044 0.557792, 96 0.172719 0.448791 0.557885, 97 0.171176 0.452530 0.557965, 98 0.169646 0.456262 0.558030, 99 0.168126 0.459988 0.558082, 100 0.166617 0.463708 0.558119, 101 0.165117 0.467423 0.558141, 102 0.163625 0.471133 0.558148, 103 0.162142 0.474838 0.558140, 104 0.160665 0.478540 0.558115, 105 0.159194 0.482237 0.558073, 106 0.157729 0.485932 0.558013, 107 0.156270 0.489624 0.557936, 108 0.154815 0.493313 0.557840, 109 0.153364 0.497000 0.557724, 110 0.151918 0.500685 0.557587, 111 0.150476 0.504369 0.557430, 112 0.149039 0.508051 0.557250, 113 0.147607 0.511733 0.557049, 114 0.146180 0.515413 0.556823, 115 0.144759 0.519093 0.556572, 116 0.143343 0.522773 0.556295, 117 0.141935 0.526453 0.555991, 118 0.140536 0.530132 0.555659, 119 0.139147 0.533812 0.555298, 120 0.137770 0.537492 0.554906, 121 0.136408 0.541173 0.554483, 122 0.135066 0.544853 0.554029, 123 0.133743 0.548535 0.553541, 124 0.132444 0.552216 0.553018, 125 0.131172 0.555899 0.552459, 126 0.129933 0.559582 0.551864, 127 0.128729 0.563265 0.551229, 128 0.127568 0.566949 0.550556, 129 0.126453 0.570633 0.549841, 130 0.125394 0.574318 0.549086, 131 0.124395 0.578002 0.548287, 132 0.123463 0.581687 0.547445, 133 0.122606 0.585371 0.546557, 134 0.121831 0.589055 0.545623, 135 0.121148 0.592739 0.544641, 136 0.120565 0.596422 0.543611, 137 0.120092 0.600104 0.542530, 138 0.119738 0.603785 0.541400, 139 0.119512 0.607464 0.540218, 140 0.119423 0.611141 0.538982, 141 0.119483 0.614817 0.537692, 142 0.119699 0.618490 0.536347, 143 0.120081 0.622161 0.534946, 144 0.120638 0.625828 0.533488, 145 0.121380 0.629492 0.531973, 146 0.122312 0.633153 0.530398, 147 0.123444 0.636809 0.528763, 148 0.124780 0.640461 0.527068, 149 0.126326 0.644107 0.525311, 150 0.128087 0.647749 0.523491, 151 0.130067 0.651384 0.521608, 152 0.132268 0.655014 0.519661, 153 0.134692 0.658636 0.517649, 154 0.137339 0.662252 0.515571, 155 0.140210 0.665859 0.513427, 156 0.143303 0.669459 0.511215, 157 0.146616 0.673050 0.508936, 158 0.150148 0.676631 0.506589, 159 0.153894 0.680203 0.504172, 160 0.157851 0.683765 0.501686, 161 0.162016 0.687316 0.499129, 162 0.166383 0.690856 0.496502, 163 0.170948 0.694384 0.493803, 164 0.175707 0.697900 0.491033, 165 0.180653 0.701402 0.488189, 166 0.185783 0.704891 0.485273, 167 0.191090 0.708366 0.482284, 168 0.196571 0.711827 0.479221, 169 0.202219 0.715272 0.476084, 170 0.208030 0.718701 0.472873, 171 0.214000 0.722114 0.469588, 172 0.220124 0.725509 0.466226, 173 0.226397 0.728888 0.462789, 174 0.232815 0.732247 0.459277, 175 0.239374 0.735588 0.455688, 176 0.246070 0.738910 0.452024, 177 0.252899 0.742211 0.448284, 178 0.259857 0.745492 0.444467, 179 0.266941 0.748751 0.440573, 180 0.274149 0.751988 0.436601, 181 0.281477 0.755203 0.432552, 182 0.288921 0.758394 0.428426, 183 0.296479 0.761561 0.424223, 184 0.304148 0.764704 0.419943, 185 0.311925 0.767822 0.415586, 186 0.319809 0.770914 0.411152, 187 0.327796 0.773980 0.406640, 188 0.335885 0.777018 0.402049, 189 0.344074 0.780029 0.397381, 190 0.352360 0.783011 0.392636, 191 0.360741 0.785964 0.387814, 192 0.369214 0.788888 0.382914, 193 0.377779 0.791781 0.377939, 194 0.386433 0.794644 0.372886, 195 0.395174 0.797475 0.367757, 196 0.404001 0.800275 0.362552, 197 0.412913 0.803041 0.357269, 198 0.421908 0.805774 0.351910, 199 0.430983 0.808473 0.346476, 200 0.440137 0.811138 0.340967, 201 0.449368 0.813768 0.335384, 202 0.458674 0.816363 0.329727, 203 0.468053 0.818921 0.323998, 204 0.477504 0.821444 0.318195, 205 0.487026 0.823929 0.312321, 206 0.496615 0.826376 0.306377, 207 0.506271 0.828786 0.300362, 208 0.515992 0.831158 0.294279, 209 0.525776 0.833491 0.288127, 210 0.535621 0.835785 0.281908, 211 0.545524 0.838039 0.275626, 212 0.555484 0.840254 0.269281, 213 0.565498 0.842430 0.262877, 214 0.575563 0.844566 0.256415, 215 0.585678 0.846661 0.249897, 216 0.595839 0.848717 0.243329, 217 0.606045 0.850733 0.236712, 218 0.616293 0.852709 0.230052, 219 0.626579 0.854645 0.223353, 220 0.636902 0.856542 0.216620, 221 0.647257 0.858400 0.209861, 222 0.657642 0.860219 0.203082, 223 0.668054 0.861999 0.196293, 224 0.678489 0.863742 0.189503, 225 0.688944 0.865448 0.182725, 226 0.699415 0.867117 0.175971, 227 0.709898 0.868751 0.169257, 228 0.720391 0.870350 0.162603, 229 0.730889 0.871916 0.156029, 230 0.741388 0.873449 0.149561, 231 0.751884 0.874951 0.143228, 232 0.762373 0.876424 0.137064, 233 0.772852 0.877868 0.131109, 234 0.783315 0.879285 0.125405, 235 0.793760 0.880678 0.120005, 236 0.804182 0.882046 0.114965, 237 0.814576 0.883393 0.110347, 238 0.824940 0.884720 0.106217, 239 0.835270 0.886029 0.102646, 240 0.845561 0.887322 0.099702, 241 0.855810 0.888601 0.097452, 242 0.866013 0.889868 0.095953, 243 0.876168 0.891125 0.095250, 244 0.886271 0.892374 0.095374, 245 0.896320 0.893616 0.096335, 246 0.906311 0.894855 0.098125, 247 0.916242 0.896091 0.100717, 248 0.926106 0.897330 0.104071, 249 0.935904 0.898570 0.108131, 250 0.945636 0.899815 0.112838, 251 0.955300 0.901065 0.118128, 252 0.964894 0.902323 0.123941, 253 0.974417 0.903590 0.130215, 254 0.983868 0.904867 0.136897, 255 0.993248 0.906157 0.143936)
XRay_reverse; rgbformulae -36, -3, -3 model RGB
XRay; rgbformulae 36, 3, 3 model RGB
YlGn; defined ( 0 '#FFFFE5', 1 '#F7FCB9', 2 '#D9F0A3', 3 '#ADDD8E', 4 '#78C679', 5 '#41AB5D', 6 '#238443', 7 '#005A32' )
YlGnBu; defined ( 0 '#FFFFD9', 1 '#EDF8B1', 2 '#C7E9B4', 3 '#7FCDBB', 4 '#41B6C4', 5 '#1D91C0', 6 '#225EA8', 7 '#0C2C84' )
YlOrBr; defined ( 0 '#FFFFE5', 1 '#FFF7BC', 2 '#FEE391', 3 '#FEC44F', 4 '#FE9929', 5 '#EC7014', 6 '#CC4C02', 7 '#8C2D04' )
YlOrRd; defined ( 0 '#FFFFCC', 1 '#FFEDA0', 2 '#FED976', 3 '#FEB24C', 4 '#FD8D3C', 5 '#FC4E2A', 6 '#E31A1C', 7 '#B10026' )
Terrain; defined (0.00 0.2 0.2 0.6, 0.15 0.0 0.6 1.0, 0.25 0.0 0.8 0.4, 0.50 1.0 1.0 0.6, 0.75 0.5 0.36 0.33, 1.00 1.0 1.0 1.0)
