000 000 000
002 002 002
003 003 003
005 005 005
006 006 006
008 008 008
009 009 009
011 011 011
013 013 013
014 014 014
016 016 016
017 017 017
019 019 019
020 020 020
022 022 022
024 023 024
025 025 025
027 027 027
028 028 028
030 030 030
031 031 031
033 033 033
034 034 034
036 036 036
038 037 038
039 039 039
041 040 041
042 042 042
044 043 044
045 045 045
047 046 047
048 048 048
050 049 050
051 051 051
053 052 053
054 054 055
055 055 056
057 056 058
058 058 059
060 059 061
061 061 062
062 062 064
064 063 065
065 065 067
066 066 068
068 068 070
069 069 071
070 070 073
072 072 074
073 073 076
074 075 077
076 076 079
077 078 080
078 079 082
080 081 083
081 082 085
082 084 086
083 085 088
085 086 089
086 088 091
087 090 092
088 091 094
089 093 095
091 094 096
092 096 098
093 097 099
094 099 101
095 100 102
096 102 104
097 104 105
099 105 107
100 107 108
101 109 109
102 110 111
103 112 112
104 114 114
105 115 115
106 116 116
107 118 117
108 119 118
109 121 119
110 122 119
111 123 120
112 125 121
112 126 122
113 127 123
114 129 124
115 130 124
116 132 125
117 133 125
118 134 126
118 136 127
119 137 127
120 138 128
121 140 128
121 141 128
122 142 129
123 143 129
123 145 129
124 146 129
125 147 130
125 149 130
126 150 130
126 151 130
127 152 130
128 154 130
128 155 129
129 156 129
129 157 129
131 159 130
132 160 130
133 161 131
135 162 131
136 164 131
137 165 132
139 166 132
140 167 133
141 168 133
143 169 133
144 171 133
146 172 134
147 173 134
149 174 134
150 175 134
152 176 135
154 178 135
155 179 135
157 180 135
159 181 135
160 182 135
162 183 135
164 184 136
166 185 136
167 186 136
169 187 136
171 188 136
173 190 136
175 191 136
177 192 135
179 193 135
181 194 135
183 195 135
185 196 135
187 197 135
189 198 135
191 199 134
193 200 134
196 201 134
198 202 134
200 203 133
202 203 133
204 204 133
205 204 132
206 203 132
207 203 132
208 202 131
209 202 131
210 201 130
211 200 130
212 199 129
213 199 129
213 198 128
214 197 128
215 196 127
216 195 127
217 194 126
218 193 125
218 192 125
219 191 124
220 189 123
221 188 123
222 187 122
222 186 121
223 184 120
224 183 120
225 181 119
225 180 118
226 178 117
227 177 116
228 175 115
228 174 115
229 172 114
230 170 113
230 168 112
231 167 111
232 165 110
232 163 109
233 161 108
234 159 107
234 157 106
235 155 104
235 153 103
236 151 102
237 149 101
237 147 100
238 145 099
238 143 098
239 141 096
239 138 095
240 136 094
241 134 093
241 132 091
242 129 090
242 127 089
243 125 087
243 122 086
243 120 085
244 117 083
244 115 082
245 112 080
245 110 079
246 108 077
246 105 076
247 103 075
247 100 073
247 097 071
248 095 070
248 092 068
248 090 067
249 087 065
249 085 064
249 082 062
250 079 060
250 077 059
250 074 057
251 072 056
251 069 054
251 067 052
251 064 050
252 061 049
252 059 047
252 056 045
252 054 043
253 051 042
253 049 040
253 046 038
253 044 036
253 041 035
254 039 033
254 036 031
254 034 029
254 031 027
254 029 025
254 026 023
254 024 021
255 022 020
255 019 018
255 017 016
255 015 014
255 013 012
255 010 010
255 008 008
255 006 006
255 004 004
255 002 002
255 000 000
