   0 128   0
   1 127   0
   2 126   0
   3 125   0
   4 124   0
   5 123   0
   6 122   0
   7 121   0
   8 120   0
   9 119   0
  10 118   0
  11 117   0
  12 116   0
  13 115   0
  14 114   0
  15 113   0
  16 112   0
  17 111   0
  18 110   0
  19 109   0
  20 108   0
  21 107   0
  22 106   0
  23 105   0
  24 104   0
  25 103   0
  26 102   0
  27 101   0
  28 100   0
  29  99   0
  30  98   0
  31  97   0
  32  96   0
  33  95   0
  34  94   0
  35  93   0
  36  92   0
  37  90   0
  38  90   0
  39  89   0
  40  88   0
  41  87   0
  42  86   0
  43  85   0
  44  84   0
  45  82   0
  46  82   0
  47  81   0
  48  80   0
  49  79   0
  50  78   0
  51  77   0
  52  76   0
  53  74   0
  54  74   1
  55  73   1
  56  72   1
  57  71   1
  58  70   1
  59  69   1
  60  68   1
  61  66   1
  62  66   1
  63  65   1
  64  64   1
  65  63   1
  66  61   1
  67  61   1
  68  60   1
  69  59   1
  70  57   1
  71  57   2
  72  56   2
  73  55   2
  74  53   2
  75  53   2
  76  52   2
  77  51   2
  78  49   2
  79  49   2
  80  48   2
  81  47   3
  82  45   3
  83  45   3
  84  44   3
  85  43   3
  86  41   3
  87  41   3
  88  40   4
  89  39   4
  90  37   4
  91  37   4
  92  36   4
  93  35   5
  94  33   5
  95  33   5
  96  32   5
  97  31   5
  98  29   6
  99  28   6
 100  28   6
 101  27   6
 102  25   7
 103  24   7
 104  24   7
 105  23   7
 106  21   8
 107  20   8
 108  20   8
 109  19   9
 110  17   9
 111  16   9
 112  16   9
 113  15  10
 114  13  10
 115  12  11
 116  12  11
 117  11  11
 118   9  12
 119   8  12
 120   8  13
 121   7  13
 122   5  13
 123   4  14
 124   4  14
 125   3  15
 126   1  15
 127   0  16
 128   0  16
 129   1  17
 130   2  17
 131   3  18
 132   5  18
 133   6  19
 134   7  19
 135   8  20
 136   8  21
 137   9  21
 138  10  22
 139  11  23
 140  13  23
 141  14  24
 142  15  25
 143  16  25
 144  16  26
 145  17  27
 146  18  27
 147  19  28
 148  21  29
 149  22  30
 150  23  31
 151  24  31
 152  24  32
 153  25  33
 154  26  34
 155  27  35
 156  29  36
 157  30  37
 158  31  38
 159  32  39
 160  33  40
 161  33  41
 162  34  42
 163  35  43
 164  37  44
 165  38  45
 166  39  46
 167  40  47
 168  41  48
 169  41  49
 170  42  50
 171  43  52
 172  45  53
 173  46  54
 174  47  55
 175  48  57
 176  49  58
 177  49  59
 178  50  61
 179  51  62
 180  53  63
 181  54  65
 182  55  66
 183  56  68
 184  57  69
 185  57  71
 186  58  72
 187  59  74
 188  61  75
 189  62  77
 190  63  79
 191  64  80
 192  65  82
 193  66  84
 194  66  85
 195  67  87
 196  69  89
 197  70  91
 198  71  93
 199  72  95
 200  73  96
 201  74  98
 202  74 100
 203  75 102
 204  77 104
 205  78 107
 206  79 109
 207  80 111
 208  81 113
 209  82 115
 210  82 117
 211  83 120
 212  85 122
 213  86 124
 214  87 126
 215  88 129
 216  89 131
 217  90 134
 218  90 136
 219  91 139
 220  93 141
 221  94 144
 222  95 146
 223  96 149
 224  97 152
 225  98 155
 226  98 157
 227  99 160
 228 101 163
 229 102 166
 230 103 169
 231 104 172
 232 105 175
 233 106 178
 234 106 181
 235 107 184
 236 109 187
 237 110 190
 238 111 194
 239 112 197
 240 113 200
 241 114 203
 242 114 207
 243 115 210
 244 117 214
 245 118 217
 246 119 221
 247 120 224
 248 121 228
 249 122 232
 250 122 236
 251 123 239
 252 125 243
 253 126 247
 254 127 251
 255 128 255
