 247 251 255
 246 251 255
 246 250 255
 245 250 254
 244 249 254
 244 249 254
 243 248 254
 242 248 253
 242 247 253
 241 247 253
 240 247 253
 239 246 253
 239 246 252
 238 245 252
 237 245 252
 237 244 252
 236 244 251
 235 244 251
 235 243 251
 234 243 251
 233 242 251
 233 242 250
 232 241 250
 231 241 250
 231 240 250
 230 240 250
 229 240 249
 228 239 249
 228 239 249
 227 238 249
 226 238 248
 226 237 248
 225 237 248
 224 237 248
 224 236 248
 223 236 247
 222 235 247
 222 235 247
 221 234 247
 220 234 246
 220 233 246
 219 233 246
 218 233 246
 218 232 246
 217 232 245
 216 231 245
 216 231 245
 215 230 245
 214 230 244
 214 229 244
 213 229 244
 212 229 244
 212 228 244
 211 228 243
 210 227 243
 210 227 243
 209 226 243
 208 226 242
 208 226 242
 207 225 242
 206 225 242
 206 224 242
 205 224 241
 204 223 241
 204 223 241
 203 222 241
 203 222 241
 202 222 240
 201 221 240
 201 221 240
 200 220 240
 199 220 239
 199 219 239
 198 219 239
 197 218 239
 196 218 238
 195 218 238
 193 217 237
 192 217 237
 191 216 237
 190 216 236
 189 215 236
 188 215 235
 187 214 235
 186 214 235
 185 213 234
 184 213 234
 182 212 234
 181 212 233
 180 211 233
 179 211 232
 178 211 232
 177 210 232
 176 210 231
 175 209 231
 174 209 230
 173 208 230
 171 208 230
 170 207 229
 169 207 229
 168 206 229
 167 206 228
 166 205 228
 165 205 227
 164 204 227
 163 204 227
 162 204 226
 161 203 226
 159 203 225
 158 202 225
 157 201 225
 156 201 224
 154 200 224
 153 199 224
 151 198 224
 150 198 223
 149 197 223
 147 196 223
 146 195 222
 144 195 222
 143 194 222
 142 193 221
 140 192 221
 139 191 221
 137 191 221
 136 190 220
 135 189 220
 133 188 220
 132 188 219
 130 187 219
 129 186 219
 128 185 218
 126 185 218
 125 184 218
 123 183 218
 122 182 217
 121 181 217
 119 181 217
 118 180 216
 116 179 216
 115 178 216
 114 178 215
 112 177 215
 111 176 215
 109 175 215
 108 175 214
 107 174 214
 106 173 213
 104 172 213
 103 171 213
 102 171 212
 101 170 212
 100 169 211
  99 168 211
  98 168 210
  97 167 210
  95 166 209
  94 165 209
  93 165 209
  92 164 208
  91 163 208
  90 162 207
  89 161 207
  88 161 206
  86 160 206
  85 159 206
  84 158 205
  83 158 205
  82 157 204
  81 156 204
  80 155 203
  79 155 203
  77 154 202
  76 153 202
  75 152 202
  74 151 201
  73 151 201
  72 150 200
  71 149 200
  70 148 199
  68 148 199
  67 147 199
  66 146 198
  65 145 198
  64 144 197
  63 143 197
  63 143 196
  62 142 196
  61 141 195
  60 140 195
  59 139 194
  58 138 194
  57 137 193
  56 136 193
  55 135 192
  54 134 192
  53 133 192
  53 133 191
  52 132 191
  51 131 190
  50 130 190
  49 129 189
  48 128 189
  47 127 188
  46 126 188
  45 125 187
  44 124 187
  43 123 186
  43 123 186
  42 122 185
  41 121 185
  40 120 185
  39 119 184
  38 118 184
  37 117 183
  36 116 183
  35 115 182
  34 114 182
  34 114 181
  33 112 181
  32 111 180
  31 110 179
  31 109 178
  30 108 177
  29 106 176
  29 105 175
  28 104 174
  27 103 173
  27 102 172
  26 100 172
  25  99 171
  24  98 170
  24  97 169
  23  96 168
  22  94 167
  22  93 166
  21  92 165
  20  91 164
  20  90 163
  19  88 162
  18  87 162
  18  86 161
  17  85 160
  16  83 159
  16  82 158
  15  81 157
  14  80 156
  13  79 155
  13  77 154
  12  76 153
  11  75 153
  11  74 152
  10  73 151
   9  71 150
   9  70 149
   8  69 148
