000 000 255
000 002 255
000 003 255
000 005 255
000 006 255
000 008 255
000 009 255
000 011 255
000 013 255
000 014 255
000 016 255
000 017 255
000 019 255
000 020 255
000 022 255
000 024 255
000 025 255
000 027 255
000 028 255
000 030 255
000 031 255
000 033 255
000 034 255
000 036 255
000 038 255
000 039 255
000 041 255
000 042 255
000 044 255
000 045 255
000 047 255
000 048 255
000 050 255
000 051 255
000 053 255
000 055 255
000 056 255
000 058 255
000 059 255
000 061 255
000 062 255
000 064 255
000 065 255
000 067 255
000 068 255
000 070 255
000 071 255
000 073 255
000 074 255
000 076 255
000 077 255
000 079 255
000 080 255
000 082 255
000 083 255
000 085 255
000 086 255
000 088 255
000 089 255
000 091 255
000 092 255
000 094 255
000 095 255
000 096 255
000 098 255
000 099 255
000 101 255
000 102 255
000 104 255
000 105 255
000 107 255
000 108 255
000 109 255
000 111 255
000 112 255
000 114 255
000 115 255
000 116 255
000 118 255
000 119 255
000 121 255
000 122 255
000 123 255
000 125 255
000 126 255
000 127 255
000 129 255
000 130 255
000 132 255
000 133 255
000 134 255
000 136 255
000 137 255
000 138 255
000 140 255
000 141 255
000 142 255
000 143 255
000 145 255
000 146 255
000 147 255
000 149 255
000 150 255
000 151 255
000 152 255
000 154 255
000 155 255
000 156 255
000 157 255
000 159 255
000 160 255
000 161 255
000 162 255
000 164 255
000 165 255
000 166 255
000 167 255
000 168 255
000 169 255
000 171 255
000 172 255
000 173 255
000 174 255
000 175 255
000 176 255
000 178 255
000 179 255
000 180 255
000 181 255
000 182 255
000 183 255
000 184 255
000 185 255
000 186 255
000 187 255
000 188 255
000 190 255
000 191 255
000 192 255
000 193 255
000 194 255
000 195 255
000 196 255
000 197 255
000 198 255
000 199 255
000 200 255
000 201 255
000 202 255
000 203 255
000 203 255
000 204 255
000 205 255
000 206 255
000 207 255
000 208 255
000 209 255
000 210 255
000 211 255
000 212 255
000 213 255
000 213 255
000 214 255
000 215 255
000 216 255
000 217 255
000 218 255
000 218 255
000 219 255
000 220 255
000 221 255
003 222 255
006 222 255
009 223 255
012 224 255
015 225 255
018 225 255
021 226 255
024 227 255
027 228 255
030 228 255
033 229 255
036 230 255
039 230 255
042 231 255
045 232 255
048 232 255
051 233 255
054 234 255
057 234 255
060 235 255
063 235 255
066 236 255
069 237 255
072 237 255
075 238 255
078 238 255
081 239 255
084 239 255
087 240 255
090 241 255
093 241 255
096 242 255
099 242 255
102 243 255
105 243 255
108 243 255
111 244 255
114 244 255
117 245 255
120 245 255
123 246 255
126 246 255
129 247 255
132 247 255
135 247 255
138 248 255
141 248 255
144 248 255
147 249 255
150 249 255
153 249 255
156 250 255
159 250 255
162 250 255
165 251 255
168 251 255
171 251 255
174 251 255
177 252 255
180 252 255
183 252 255
186 252 255
189 253 255
192 253 255
195 253 255
198 253 255
201 253 255
204 254 255
207 254 255
210 254 255
213 254 255
216 254 255
219 254 255
222 254 255
225 255 255
228 255 255
231 255 255
234 255 255
237 255 255
240 255 255
243 255 255
246 255 255
249 255 255
252 255 255
255 255 255
