   0   0 255
   0   2 255
   0   3 255
   0   5 255
   0   6 255
   0   8 255
   0   9 255
   0  11 255
   0  13 255
   0  14 255
   0  16 255
   0  17 255
   0  19 255
   0  20 255
   0  22 255
   0  24 255
   0  25 255
   0  27 255
   0  28 255
   0  30 255
   0  31 255
   0  33 255
   0  34 255
   0  36 255
   0  38 255
   0  39 255
   0  41 255
   0  42 255
   0  44 255
   0  45 255
   0  47 255
   0  48 255
   0  50 255
   0  51 255
   0  53 255
   0  55 255
   0  56 255
   0  58 255
   0  59 255
   0  61 255
   0  62 255
   0  64 255
   0  65 255
   0  67 255
   0  68 255
   0  70 255
   0  71 255
   0  73 255
   0  74 255
   0  76 255
   0  77 255
   0  79 255
   0  80 255
   0  82 255
   0  83 255
   0  85 255
   0  86 255
   0  88 255
   0  89 255
   0  91 255
   0  92 255
   0  94 255
   0  95 255
   0  96 255
   0  98 255
   0  99 255
   0 101 255
   0 102 255
   0 104 255
   0 105 255
   0 107 255
   0 108 255
   0 109 255
   0 111 255
   0 112 255
   0 114 255
   0 115 255
   0 116 255
   0 118 255
   0 119 255
   0 121 255
   0 122 255
   0 123 255
   0 125 255
   0 126 255
   0 127 255
   0 129 255
   0 130 255
   0 132 255
   0 133 255
   0 134 255
   0 136 255
   0 137 255
   0 138 255
   0 140 255
   0 141 255
   0 142 255
   0 143 255
   0 145 255
   0 146 255
   0 147 255
   0 149 255
   0 150 255
   0 151 255
   0 152 255
   0 154 255
   0 155 255
   0 156 255
   0 157 255
   0 159 255
   0 160 255
   0 161 255
   0 162 255
   0 164 255
   0 165 255
   0 166 255
   0 167 255
   0 168 255
   0 169 255
   0 171 255
   0 172 255
   0 173 255
   0 174 255
   0 175 255
   0 176 255
   0 178 255
   0 179 255
   0 180 255
   0 181 255
   0 182 255
   0 183 255
   0 184 255
   0 185 255
   0 186 255
   0 187 255
   0 188 255
   0 190 255
   0 191 255
   0 192 255
   0 193 255
   0 194 255
   0 195 255
   0 196 255
   0 197 255
   0 198 255
   0 199 255
   0 200 255
   0 201 255
   0 202 255
   0 203 255
   0 203 255
   0 204 255
   0 205 255
   0 206 255
   0 207 255
   0 208 255
   0 209 255
   0 210 255
   0 211 255
   0 212 255
   0 213 255
   0 213 255
   0 214 255
   0 215 255
   0 216 255
   0 217 255
   0 218 255
   0 218 255
   0 219 255
   0 220 255
   0 221 255
   3 222 255
   6 222 255
   9 223 255
  12 224 255
  15 225 255
  18 225 255
  21 226 255
  24 227 255
  27 228 255
  30 228 255
  33 229 255
  36 230 255
  39 230 255
  42 231 255
  45 232 255
  48 232 255
  51 233 255
  54 234 255
  57 234 255
  60 235 255
  63 235 255
  66 236 255
  69 237 255
  72 237 255
  75 238 255
  78 238 255
  81 239 255
  84 239 255
  87 240 255
  90 241 255
  93 241 255
  96 242 255
  99 242 255
 102 243 255
 105 243 255
 108 243 255
 111 244 255
 114 244 255
 117 245 255
 120 245 255
 123 246 255
 126 246 255
 129 247 255
 132 247 255
 135 247 255
 138 248 255
 141 248 255
 144 248 255
 147 249 255
 150 249 255
 153 249 255
 156 250 255
 159 250 255
 162 250 255
 165 251 255
 168 251 255
 171 251 255
 174 251 255
 177 252 255
 180 252 255
 183 252 255
 186 252 255
 189 253 255
 192 253 255
 195 253 255
 198 253 255
 201 253 255
 204 254 255
 207 254 255
 210 254 255
 213 254 255
 216 254 255
 219 254 255
 222 254 255
 225 255 255
 228 255 255
 231 255 255
 234 255 255
 237 255 255
 240 255 255
 243 255 255
 246 255 255
 249 255 255
 252 255 255
 255 255 255
