140 081 010
141 082 011
143 084 012
144 085 013
146 086 014
147 088 015
148 089 016
150 090 017
151 092 018
153 093 019
154 094 020
155 095 021
157 097 022
158 098 022
160 099 023
161 101 024
162 102 025
164 103 026
165 105 027
167 106 028
168 107 029
169 109 030
171 110 031
172 111 032
174 113 033
175 114 034
176 115 035
178 117 036
179 118 037
181 119 038
182 121 039
183 122 040
185 123 041
186 124 042
188 126 043
189 127 044
190 128 045
192 130 046
192 132 048
193 134 051
194 135 053
195 137 055
196 139 057
197 141 059
198 143 062
199 144 064
199 146 066
200 148 068
201 150 070
202 151 073
203 153 075
204 155 077
205 157 079
206 159 081
206 160 084
207 162 086
208 164 088
209 166 090
210 167 092
211 169 095
212 171 097
213 173 099
213 175 101
214 176 103
215 178 106
216 180 108
217 182 110
218 184 112
219 185 114
220 187 117
220 189 119
221 191 121
222 192 123
223 194 125
224 195 127
224 196 129
225 197 131
226 198 133
226 199 135
227 200 137
228 201 139
228 202 141
229 204 143
229 205 144
230 206 146
231 207 148
231 208 150
232 209 152
233 210 154
233 211 156
234 212 158
234 213 160
235 214 162
236 215 164
236 216 166
237 217 168
238 218 169
238 219 171
239 220 173
240 221 175
240 222 177
241 223 179
241 224 181
242 225 183
243 226 185
243 228 187
244 229 189
245 230 191
245 231 193
246 232 194
245 232 196
244 232 197
242 232 198
241 232 198
240 232 199
239 232 200
237 232 201
236 232 202
235 232 203
233 233 204
232 233 205
231 233 206
230 233 207
228 233 208
227 233 209
226 233 210
224 233 211
223 233 212
222 233 212
221 233 213
219 233 214
218 233 215
217 233 216
215 233 217
214 233 218
213 233 219
212 233 220
210 234 221
209 234 222
208 234 223
206 234 224
205 234 225
204 234 226
203 234 226
201 234 227
200 234 228
198 234 229
196 233 228
195 232 227
193 231 226
191 231 225
189 230 224
187 229 223
185 228 222
183 227 221
181 227 220
179 226 219
177 225 218
175 224 217
173 223 216
171 223 215
169 222 214
167 221 213
165 220 212
163 219 211
161 219 210
159 218 209
158 217 208
156 216 207
154 215 206
152 215 205
150 214 204
148 213 203
146 212 202
144 211 201
142 211 200
140 210 199
138 209 198
136 208 197
134 208 196
132 207 195
130 206 194
128 205 193
126 204 192
124 202 190
122 201 189
120 199 188
118 198 186
116 196 185
114 195 184
112 193 182
110 192 181
108 190 179
106 189 178
104 187 177
102 186 175
099 184 174
097 183 173
095 181 171
093 180 170
091 179 168
089 177 167
087 176 166
085 174 164
083 173 163
081 171 162
079 170 160
077 168 159
075 167 158
073 165 156
071 164 155
069 162 153
067 161 152
064 159 151
062 158 149
060 156 148
058 155 147
056 153 145
054 152 144
052 150 142
051 149 141
050 148 140
048 146 138
047 145 137
045 144 136
044 142 134
042 141 133
041 140 132
040 138 130
038 137 129
037 136 128
035 134 126
034 133 125
032 132 124
031 130 122
030 129 121
028 128 120
027 126 118
025 125 117
024 124 116
022 122 114
021 121 113
020 119 111
018 118 110
017 117 109
015 115 107
014 114 106
012 113 105
011 111 103
010 110 102
008 109 101
007 107 099
005 106 098
004 105 097
002 103 095
001 102 094
