 247 252 253
 247 252 253
 246 252 253
 246 251 253
 245 251 253
 245 251 252
 244 251 252
 244 251 252
 243 250 252
 243 250 252
 242 250 252
 242 250 252
 241 250 252
 241 250 252
 240 249 251
 240 249 251
 239 249 251
 239 249 251
 238 249 251
 238 248 251
 237 248 251
 237 248 251
 236 248 251
 236 248 250
 235 247 250
 235 247 250
 234 247 250
 234 247 250
 233 247 250
 233 246 250
 232 246 250
 232 246 250
 231 246 249
 231 246 249
 230 245 249
 230 245 249
 229 245 249
 229 245 249
 228 245 248
 227 244 248
 227 244 247
 226 244 247
 225 244 246
 224 243 246
 224 243 245
 223 243 245
 222 243 244
 222 242 243
 221 242 243
 220 242 242
 220 242 242
 219 241 241
 218 241 241
 218 241 240
 217 241 240
 216 240 239
 216 240 239
 215 240 238
 214 240 238
 214 239 237
 213 239 237
 212 239 236
 211 239 236
 211 238 235
 210 238 235
 209 238 234
 209 238 234
 208 237 233
 207 237 233
 207 237 232
 206 237 231
 205 236 231
 205 236 230
 204 236 230
 202 235 229
 201 235 228
 200 234 227
 198 234 227
 197 233 226
 195 233 225
 194 232 224
 193 232 224
 191 231 223
 190 230 222
 188 230 221
 187 229 220
 186 229 220
 184 228 219
 183 228 218
 181 227 217
 180 227 216
 179 226 216
 177 225 215
 176 225 214
 174 224 213
 173 224 212
 172 223 212
 170 223 211
 169 222 210
 167 222 209
 166 221 208
 165 221 208
 163 220 207
 162 219 206
 160 219 205
 159 218 204
 158 218 204
 156 217 203
 155 217 202
 153 216 201
 152 216 200
 151 215 199
 149 214 198
 148 214 197
 146 213 196
 145 213 195
 144 212 194
 142 211 193
 141 211 192
 139 210 191
 138 210 190
 137 209 189
 135 208 188
 134 208 187
 132 207 186
 131 207 185
 130 206 184
 128 205 183
 127 205 182
 125 204 181
 124 203 180
 123 203 179
 121 202 178
 120 202 177
 118 201 176
 117 200 175
 116 200 174
 114 199 173
 113 199 172
 111 198 171
 110 197 170
 109 197 169
 107 196 168
 106 196 167
 104 195 166
 103 194 165
 102 194 164
 101 193 162
 100 193 161
  99 192 160
  98 192 159
  97 191 157
  96 191 156
  95 190 155
  94 189 154
  93 189 152
  92 188 151
  91 188 150
  90 187 148
  89 187 147
  87 186 146
  86 186 145
  85 185 143
  84 185 142
  83 184 141
  82 183 140
  81 183 138
  80 182 137
  79 182 136
  78 181 135
  77 181 133
  76 180 132
  75 180 131
  74 179 130
  73 178 128
  72 178 127
  71 177 126
  70 177 124
  69 176 123
  68 176 122
  67 175 121
  66 175 119
  65 174 118
  64 173 117
  63 172 116
  63 171 114
  62 170 113
  61 169 111
  60 168 110
  59 167 109
  59 166 107
  58 165 106
  57 165 105
  56 164 103
  55 163 102
  54 162 101
  54 161  99
  53 160  98
  52 159  97
  51 158  95
  50 157  94
  49 156  93
  49 155  91
  48 154  90
  47 153  89
  46 152  87
  45 151  86
  45 150  85
  44 149  83
  43 148  82
  42 147  81
  41 146  79
  40 145  78
  40 144  76
  39 143  75
  38 142  74
  37 141  72
  36 141  71
  35 140  70
  35 138  69
  34 137  68
  33 136  67
  32 134  66
  31 133  65
  30 131  64
  29 130  63
  28 129  62
  27 127  61
  26 126  60
  25 124  60
  24 123  59
  23 122  58
  22 120  57
  21 119  56
  20 117  55
  19 116  54
  18 115  53
  17 113  52
  16 112  51
  15 110  50
  14 109  50
  13 108  49
  12 106  48
  12 105  47
  11 103  46
  10 102  45
   9 101  44
   8  99  43
   7  98  42
   6  96  41
   5  95  41
   4  94  40
   3  92  39
   2  91  38
   1  89  37
   0  88  36
