 247 252 253
 246 252 253
 246 251 253
 245 251 252
 244 250 252
 244 250 252
 243 249 252
 243 249 251
 242 248 251
 241 248 251
 241 248 251
 240 247 250
 239 247 250
 239 246 250
 238 246 250
 238 245 249
 237 245 249
 236 245 249
 236 244 249
 235 244 248
 234 243 248
 234 243 248
 233 242 248
 232 242 247
 232 241 247
 231 241 247
 231 241 247
 230 240 246
 229 240 246
 229 239 246
 228 239 246
 227 238 245
 227 238 245
 226 238 245
 226 237 245
 225 237 244
 224 236 244
 223 236 244
 223 235 243
 222 234 243
 221 234 243
 220 233 242
 219 232 242
 218 231 241
 217 231 241
 216 230 241
 215 229 240
 214 229 240
 214 228 240
 213 227 239
 212 227 239
 211 226 238
 210 225 238
 209 225 238
 208 224 237
 207 223 237
 206 223 236
 205 222 236
 204 221 236
 204 221 235
 203 220 235
 202 219 235
 201 218 234
 200 218 234
 199 217 233
 198 216 233
 197 216 233
 196 215 232
 195 214 232
 194 214 231
 194 213 231
 193 212 231
 192 212 230
 191 211 230
 190 210 230
 189 210 229
 188 209 229
 187 208 229
 186 208 228
 185 207 228
 185 206 228
 184 206 227
 183 205 227
 182 205 227
 181 204 226
 180 203 226
 179 203 226
 178 202 225
 177 201 225
 176 201 225
 175 200 224
 175 200 224
 174 199 224
 173 198 223
 172 198 223
 171 197 223
 170 196 222
 169 196 222
 168 195 222
 167 194 221
 166 194 221
 166 193 221
 165 193 220
 164 192 220
 163 191 220
 162 191 219
 161 190 219
 160 189 219
 159 189 218
 158 188 218
 158 187 218
 157 186 217
 157 185 217
 156 184 216
 156 183 215
 155 182 215
 155 181 214
 154 180 214
 154 179 213
 153 178 213
 153 177 212
 152 176 212
 152 175 211
 151 174 210
 151 173 210
 150 172 209
 150 171 209
 149 170 208
 149 168 208
 148 167 207
 148 166 207
 147 165 206
 147 164 206
 146 163 205
 146 162 204
 145 161 204
 145 160 203
 144 159 203
 144 158 202
 143 157 202
 143 156 201
 142 155 201
 142 154 200
 141 153 199
 141 152 199
 140 151 198
 140 150 198
 140 148 197
 140 147 197
 140 146 196
 140 145 196
 140 144 195
 140 143 194
 140 141 194
 140 140 193
 140 139 193
 140 138 192
 140 137 191
 140 135 191
 140 134 190
 140 133 190
 140 132 189
 140 131 189
 140 130 188
 140 128 187
 140 127 187
 140 126 186
 140 125 186
 140 124 185
 140 123 185
 140 121 184
 140 120 183
 140 119 183
 140 118 182
 140 117 182
 140 115 181
 140 114 181
 140 113 180
 140 112 179
 140 111 179
 140 110 178
 140 108 178
 140 107 177
 140 106 177
 140 105 176
 140 104 175
 140 103 175
 139 101 174
 139 100 174
 139  99 173
 139  98 173
 139  97 172
 139  96 172
 139  94 171
 139  93 170
 139  92 170
 138  91 169
 138  90 169
 138  89 168
 138  88 168
 138  86 167
 138  85 167
 138  84 166
 138  83 166
 138  82 165
 137  81 164
 137  79 164
 137  78 163
 137  77 163
 137  76 162
 137  75 162
 137  74 161
 137  73 161
 137  71 160
 137  70 160
 136  69 159
 136  68 158
 136  67 158
 136  66 157
 136  64 156
 135  62 155
 134  61 154
 134  59 152
 133  57 151
 132  55 150
 131  54 148
 131  52 147
 130  50 145
 129  48 144
 129  47 143
 128  45 141
 127  43 140
 126  41 139
 126  40 137
 125  38 136
 124  36 134
 124  34 133
 123  33 132
 122  31 130
 121  29 129
 121  27 128
 120  26 126
 119  24 125
 119  22 123
 118  20 122
 117  19 121
 116  17 119
 116  15 118
 115  13 117
 114  12 115
 114  10 114
 113   8 112
 112   6 111
 111   5 110
 111   3 108
 110   1 107
