   0   0 139
   0   0 141
   0   0 143
   0   0 144
   0   0 146
   0   0 148
   0   0 150
   0   0 152
   0   0 154
   0   0 155
   0   0 157
   0   0 159
   0   0 161
   0   0 163
   0   0 164
   0   0 166
   0   0 168
   0   0 170
   0   0 172
   0   0 174
   0   0 175
   0   0 177
   0   0 179
   0   0 181
   0   0 183
   0   0 184
   0   0 186
   0   0 188
   0   0 190
   0   0 192
   0   0 194
   0   0 195
   0   0 197
   0   0 199
   0   0 201
   0   0 203
   0   0 205
   0   0 206
   0   0 208
   0   0 210
   0   0 212
   0   0 214
   0   0 215
   0   0 217
   0   0 219
   0   0 221
   0   0 223
   0   0 225
   0   0 226
   0   0 228
   0   0 230
   0   0 232
   0   0 234
   0   0 235
   0   0 237
   0   0 239
   0   0 241
   0   0 243
   0   0 245
   0   0 246
   0   0 248
   0   0 250
   0   0 252
   0   0 254
   0   1 255
   0   5 255
   0   9 255
   0  13 255
   0  17 255
   0  21 255
   0  25 255
   0  29 255
   0  33 255
   0  37 255
   0  41 255
   0  45 255
   0  49 255
   0  53 255
   0  57 255
   0  61 255
   0  65 255
   0  69 255
   0  73 255
   0  77 255
   0  81 255
   0  85 255
   0  89 255
   0  93 255
   0  97 255
   0 101 255
   0 105 255
   0 109 255
   0 113 255
   0 117 255
   0 121 255
   0 125 255
   0 129 255
   0 133 255
   0 137 255
   0 141 255
   0 145 255
   0 149 255
   0 153 255
   0 157 255
   0 161 255
   0 165 255
   0 169 255
   0 173 255
   0 177 255
   0 181 255
   0 185 255
   0 189 255
   0 193 255
   0 197 255
   0 201 255
   0 205 255
   0 209 255
   0 213 255
   0 217 255
   0 221 255
   0 225 255
   0 229 255
   0 233 255
   0 237 255
   0 241 255
   0 245 255
   0 249 255
   0 253 255
   0 255 253
   0 255 249
   0 255 245
   0 255 241
   0 255 237
   0 255 233
   0 255 229
   0 255 225
   0 255 221
   0 255 217
   0 255 213
   0 255 209
   0 255 205
   0 255 201
   0 255 197
   0 255 193
   0 255 189
   0 255 185
   0 255 181
   0 255 177
   0 255 173
   0 255 169
   0 255 165
   0 255 161
   0 255 157
   0 255 153
   0 255 149
   0 255 145
   0 255 141
   0 255 137
   0 255 133
   0 255 129
   0 255 125
   0 255 121
   0 255 117
   0 255 113
   0 255 109
   0 255 105
   0 255 101
   0 255  97
   0 255  93
   0 255  89
   0 255  85
   0 255  81
   0 255  77
   0 255  73
   0 255  69
   0 255  65
   0 255  61
   0 255  57
   0 255  53
   0 255  49
   0 255  45
   0 255  41
   0 255  37
   0 255  33
   0 255  29
   0 255  25
   0 255  21
   0 255  17
   0 255  13
   0 255   9
   0 255   5
   0 255   1
   3 255   3
   7 255   7
  11 255  11
  15 255  15
  19 255  19
  23 255  23
  27 255  27
  31 255  31
  35 255  35
  39 255  39
  43 255  43
  47 255  47
  51 255  51
  55 255  55
  59 255  59
  63 255  63
  67 255  67
  71 255  71
  75 255  75
  79 255  79
  83 255  83
  87 255  87
  91 255  91
  95 255  95
  99 255  99
 103 255 103
 107 255 107
 111 255 111
 115 255 115
 119 255 119
 123 255 123
 127 255 127
 131 255 131
 135 255 135
 139 255 139
 143 255 143
 147 255 147
 151 255 151
 155 255 155
 159 255 159
 163 255 163
 167 255 167
 171 255 171
 175 255 175
 179 255 179
 183 255 183
 187 255 187
 191 255 191
 195 255 195
 199 255 199
 203 255 203
 207 255 207
 211 255 211
 215 255 215
 219 255 219
 223 255 223
 227 255 227
 231 255 231
 235 255 235
 239 255 239
 243 255 243
 247 255 247
 251 255 251
 255 255 255
