128 255 255
126 251 255
124 247 255
122 243 255
120 239 255
118 235 255
116 232 255
114 228 255
112 224 255
110 220 255
108 217 255
106 213 255
104 209 255
102 206 255
100 202 255
098 199 255
096 195 255
094 192 255
092 188 255
090 185 255
088 181 255
086 178 255
084 175 255
082 171 255
080 168 255
078 165 255
076 162 255
074 158 255
072 155 255
070 152 255
068 149 255
066 146 255
064 143 255
061 140 255
060 137 255
057 134 255
056 131 255
053 128 255
052 126 255
049 123 255
048 120 255
045 117 255
044 115 255
041 112 255
040 109 255
037 107 255
036 104 255
033 102 255
032 099 255
029 097 255
028 094 255
025 092 255
024 089 255
021 087 255
020 085 255
017 082 255
016 080 255
013 078 255
012 076 255
009 074 255
008 071 255
005 069 255
004 067 255
001 065 255
000 063 255
002 061 255
005 059 255
007 057 255
008 056 255
010 054 255
013 052 255
015 050 255
016 048 255
018 047 255
021 045 255
023 043 255
024 042 255
026 040 255
029 038 255
031 037 255
033 035 255
034 034 255
037 032 255
039 031 255
041 030 255
042 028 255
045 027 252
047 026 249
049 024 246
050 023 243
053 022 240
055 021 237
057 020 234
058 019 231
061 018 228
063 017 225
065 016 222
066 015 219
069 014 216
071 013 213
073 012 210
074 011 207
077 010 204
079 009 201
081 009 198
082 008 195
085 007 192
087 007 189
089 006 186
090 005 183
093 005 180
095 004 177
097 004 174
098 003 171
101 003 168
103 002 165
105 002 162
106 002 159
109 001 156
111 001 153
113 001 150
114 001 147
117 000 144
119 000 141
121 000 138
122 000 135
125 000 132
127 000 129
129 000 126
131 000 123
132 000 120
134 000 117
137 000 114
139 000 111
141 001 108
143 001 105
145 001 102
147 001 099
148 002 096
150 002 093
153 002 090
155 003 087
157 003 084
159 004 081
161 004 078
163 005 075
164 005 072
166 006 069
169 007 066
171 007 063
173 008 060
175 009 057
177 009 054
179 010 051
180 011 048
182 012 045
185 013 042
187 014 039
189 015 036
191 016 033
193 017 030
195 018 027
196 019 024
198 020 021
201 021 018
203 022 015
205 023 012
207 024 009
209 026 006
211 027 003
212 028 000
214 030 000
217 031 000
219 032 000
221 034 000
223 035 000
225 037 000
227 038 000
228 040 000
230 042 000
233 043 000
235 045 000
237 047 000
239 048 000
241 050 000
243 052 000
244 054 000
246 056 000
249 057 000
251 059 000
253 061 000
255 063 000
255 065 000
255 067 000
255 069 000
255 071 000
255 074 000
255 076 000
255 078 000
255 080 000
255 082 000
255 085 000
255 087 000
255 089 000
255 092 000
255 094 000
255 097 000
255 099 000
255 102 000
255 104 000
255 107 000
255 109 000
255 112 000
255 115 000
255 117 000
255 120 000
255 123 000
255 126 000
255 128 000
255 131 000
255 134 000
255 137 000
255 140 000
255 143 000
255 146 000
255 149 000
255 152 000
255 155 000
255 158 000
255 162 000
255 165 000
255 168 000
255 171 000
255 175 000
255 178 000
255 181 000
255 185 000
255 188 000
255 192 000
255 195 000
255 199 000
255 202 000
255 206 000
255 209 000
255 213 000
255 217 000
255 220 000
255 224 000
255 228 000
255 232 000
255 235 000
255 239 000
255 243 000
255 247 000
255 251 000
255 255 000
