 128 255 255
 126 251 255
 124 247 255
 122 243 255
 120 239 255
 118 235 255
 116 232 255
 114 228 255
 112 224 255
 110 220 255
 108 217 255
 106 213 255
 104 209 255
 102 206 255
 100 202 255
  98 199 255
  96 195 255
  94 192 255
  92 188 255
  90 185 255
  88 181 255
  86 178 255
  84 175 255
  82 171 255
  80 168 255
  78 165 255
  76 162 255
  74 158 255
  72 155 255
  70 152 255
  68 149 255
  66 146 255
  64 143 255
  61 140 255
  60 137 255
  57 134 255
  56 131 255
  53 128 255
  52 126 255
  49 123 255
  48 120 255
  45 117 255
  44 115 255
  41 112 255
  40 109 255
  37 107 255
  36 104 255
  33 102 255
  32  99 255
  29  97 255
  28  94 255
  25  92 255
  24  89 255
  21  87 255
  20  85 255
  17  82 255
  16  80 255
  13  78 255
  12  76 255
   9  74 255
   8  71 255
   5  69 255
   4  67 255
   1  65 255
   0  63 255
   2  61 255
   5  59 255
   7  57 255
   8  56 255
  10  54 255
  13  52 255
  15  50 255
  16  48 255
  18  47 255
  21  45 255
  23  43 255
  24  42 255
  26  40 255
  29  38 255
  31  37 255
  33  35 255
  34  34 255
  37  32 255
  39  31 255
  41  30 255
  42  28 255
  45  27 252
  47  26 249
  49  24 246
  50  23 243
  53  22 240
  55  21 237
  57  20 234
  58  19 231
  61  18 228
  63  17 225
  65  16 222
  66  15 219
  69  14 216
  71  13 213
  73  12 210
  74  11 207
  77  10 204
  79   9 201
  81   9 198
  82   8 195
  85   7 192
  87   7 189
  89   6 186
  90   5 183
  93   5 180
  95   4 177
  97   4 174
  98   3 171
 101   3 168
 103   2 165
 105   2 162
 106   2 159
 109   1 156
 111   1 153
 113   1 150
 114   1 147
 117   0 144
 119   0 141
 121   0 138
 122   0 135
 125   0 132
 127   0 129
 129   0 126
 131   0 123
 132   0 120
 134   0 117
 137   0 114
 139   0 111
 141   1 108
 143   1 105
 145   1 102
 147   1  99
 148   2  96
 150   2  93
 153   2  90
 155   3  87
 157   3  84
 159   4  81
 161   4  78
 163   5  75
 164   5  72
 166   6  69
 169   7  66
 171   7  63
 173   8  60
 175   9  57
 177   9  54
 179  10  51
 180  11  48
 182  12  45
 185  13  42
 187  14  39
 189  15  36
 191  16  33
 193  17  30
 195  18  27
 196  19  24
 198  20  21
 201  21  18
 203  22  15
 205  23  12
 207  24   9
 209  26   6
 211  27   3
 212  28   0
 214  30   0
 217  31   0
 219  32   0
 221  34   0
 223  35   0
 225  37   0
 227  38   0
 228  40   0
 230  42   0
 233  43   0
 235  45   0
 237  47   0
 239  48   0
 241  50   0
 243  52   0
 244  54   0
 246  56   0
 249  57   0
 251  59   0
 253  61   0
 255  63   0
 255  65   0
 255  67   0
 255  69   0
 255  71   0
 255  74   0
 255  76   0
 255  78   0
 255  80   0
 255  82   0
 255  85   0
 255  87   0
 255  89   0
 255  92   0
 255  94   0
 255  97   0
 255  99   0
 255 102   0
 255 104   0
 255 107   0
 255 109   0
 255 112   0
 255 115   0
 255 117   0
 255 120   0
 255 123   0
 255 126   0
 255 128   0
 255 131   0
 255 134   0
 255 137   0
 255 140   0
 255 143   0
 255 146   0
 255 149   0
 255 152   0
 255 155   0
 255 158   0
 255 162   0
 255 165   0
 255 168   0
 255 171   0
 255 175   0
 255 178   0
 255 181   0
 255 185   0
 255 188   0
 255 192   0
 255 195   0
 255 199   0
 255 202   0
 255 206   0
 255 209   0
 255 213   0
 255 217   0
 255 220   0
 255 224   0
 255 228   0
 255 232   0
 255 235   0
 255 239   0
 255 243   0
 255 247   0
 255 251   0
 255 255   0
