 255   0 255
 253   3 255
 251   6 255
 249   9 255
 247  12 255
 245  15 255
 243  18 255
 241  21 255
 239  24 255
 237  27 255
 235  30 255
 233  33 254
 231  36 254
 229  39 254
 227  42 254
 225  45 254
 223  48 254
 221  51 254
 219  54 253
 217  57 253
 215  60 253
 213  63 253
 211  66 253
 209  69 252
 207  72 252
 205  75 252
 203  78 252
 201  81 251
 199  84 251
 197  87 251
 195  90 251
 193  93 250
 191  96 250
 189  99 250
 187 102 249
 185 105 249
 183 108 249
 181 111 248
 179 114 248
 177 117 248
 175 120 247
 173 123 247
 171 126 247
 169 129 246
 167 132 246
 165 135 245
 163 138 245
 161 141 244
 159 144 244
 157 147 243
 155 150 243
 153 153 243
 151 156 242
 149 159 242
 147 162 241
 145 165 241
 143 168 240
 141 171 239
 139 174 239
 137 177 238
 135 180 238
 133 183 237
 131 186 237
 129 189 236
 127 192 235
 125 195 235
 123 198 234
 121 201 234
 119 204 233
 117 207 232
 115 210 232
 113 213 231
 111 216 230
 109 219 230
 107 222 229
 105 225 228
 103 228 228
 101 231 227
  99 234 226
  97 237 225
  95 240 225
  93 243 224
  91 246 223
  89 249 222
  87 252 222
  85 255 221
  83 255 220
  81 255 219
  79 255 218
  77 255 218
  75 255 217
  73 255 216
  71 255 215
  69 255 214
  67 255 213
  65 255 213
  63 255 212
  61 255 211
  59 255 210
  57 255 209
  55 255 208
  53 255 207
  51 255 206
  49 255 205
  47 255 204
  45 255 203
  43 255 203
  41 255 202
  39 255 201
  37 255 200
  35 255 199
  33 255 198
  31 255 197
  29 255 196
  27 255 195
  25 255 194
  23 255 193
  21 255 192
  19 255 191
  17 255 190
  15 255 188
  13 255 187
  11 255 186
   9 255 185
   7 255 184
   5 255 183
   3 255 182
   1 255 181
   0 255 180
   0 255 179
   0 255 178
   0 255 176
   0 255 175
   0 255 174
   0 255 173
   0 255 172
   0 255 171
   0 255 169
   0 255 168
   0 255 167
   0 255 166
   0 255 165
   0 255 164
   0 255 162
   0 255 161
   0 255 160
   0 255 159
   0 255 157
   0 255 156
   0 255 155
   0 255 154
   0 255 152
   0 255 151
   0 255 150
   0 255 149
   0 255 147
   0 255 146
   0 255 145
   0 255 143
   0 255 142
   0 255 141
   0 255 140
   0 255 138
   0 255 137
   0 255 136
   0 255 134
   0 255 133
   0 255 132
   0 255 130
   0 255 129
   0 255 128
   0 255 126
   0 255 125
   0 255 123
   0 255 122
   0 255 121
   0 255 119
   0 255 118
   0 255 116
   0 255 115
   0 255 114
   0 255 112
   0 255 111
   0 255 109
   0 255 108
   0 255 107
   0 255 105
   0 255 104
   0 255 102
   0 255 101
   0 255  99
   0 255  98
   0 255  96
   0 255  95
   0 255  94
   0 255  92
   0 255  91
   0 255  89
   0 255  88
   0 255  86
   0 255  85
   0 255  83
   0 255  82
   0 255  80
   0 255  79
   0 255  77
   0 255  76
   0 255  74
   0 255  73
   0 255  71
   0 255  70
   0 255  68
   0 255  67
   0 255  65
   0 255  64
   0 255  62
   0 255  61
   0 255  59
   0 255  58
   0 255  56
   0 255  55
   0 255  53
   0 255  51
   0 255  50
   0 255  48
   0 255  47
   0 255  45
   0 255  44
   0 255  42
   0 255  41
   0 255  39
   0 255  38
   0 255  36
   0 255  34
   0 255  33
   0 255  31
   0 255  30
   0 255  28
   0 255  27
   0 255  25
   0 255  24
   0 255  22
   0 255  20
   0 255  19
   0 255  17
   0 255  16
   0 255  14
   0 255  13
   0 255  11
   0 255   9
   0 255   8
   0 255   6
   0 255   5
   0 255   3
   0 255   2
   0 255   0
