   0   0 128
  16   0 127
  23   0 126
  28   0 125
  32   0 124
  36   0 123
  39   0 122
  42   0 121
  45   0 120
  48   0 119
  50   0 118
  53   0 117
  55   1 116
  58   1 115
  60   1 114
  62   1 113
  64   1 112
  66   1 111
  68   1 110
  70   1 109
  71   2 108
  73   2 107
  75   2 106
  77   2 105
  78   2 104
  80   2 103
  81   3 102
  83   3 101
  84   3 100
  86   3  99
  87   4  98
  89   4  97
  90   4  96
  92   4  95
  93   5  94
  94   5  93
  96   5  92
  97   5  90
  98   6  90
 100   6  89
 101   6  88
 102   7  87
 103   7  86
 105   7  85
 106   8  84
 107   8  82
 108   8  82
 109   9  81
 111   9  80
 112   9  79
 113  10  78
 114  10  77
 115  11  76
 116  11  74
 117  11  74
 118  12  73
 119  12  72
 121  13  71
 122  13  70
 123  14  69
 124  14  68
 125  15  66
 126  15  66
 127  16  65
 128  16  64
 129  17  63
 130  17  61
 131  18  61
 132  18  60
 133  19  59
 134  19  57
 135  20  57
 135  20  56
 136  21  55
 137  21  53
 138  22  53
 139  23  52
 140  23  51
 141  24  49
 142  24  49
 143  25  48
 144  26  47
 145  26  45
 145  27  45
 146  28  44
 147  28  43
 148  29  41
 149  30  41
 150  30  40
 151  31  39
 151  32  37
 152  32  37
 153  33  36
 154  34  35
 155  35  33
 156  35  33
 156  36  32
 157  37  31
 158  38  29
 159  38  28
 160  39  28
 160  40  27
 161  41  25
 162  42  24
 163  42  24
 164  43  23
 164  44  21
 165  45  20
 166  46  20
 167  47  19
 167  47  17
 168  48  16
 169  49  16
 170  50  15
 170  51  13
 171  52  12
 172  53  12
 173  54  11
 173  55   9
 174  56   8
 175  56   8
 176  57   7
 176  58   5
 177  59   4
 178  60   4
 179  61   3
 179  62   1
 180  63   0
 181  64   0
 181  65   1
 182  66   2
 183  67   3
 183  68   5
 184  69   6
 185  70   7
 186  71   8
 186  73   8
 187  74   9
 188  75  10
 188  76  11
 189  77  13
 190  78  14
 190  79  15
 191  80  16
 192  81  16
 192  82  17
 193  84  18
 194  85  19
 194  86  21
 195  87  22
 196  88  23
 196  89  24
 197  91  24
 198  92  25
 198  93  26
 199  94  27
 199  95  29
 200  97  30
 201  98  31
 201  99  32
 202 100  33
 203 102  33
 203 103  34
 204 104  35
 204 105  37
 205 107  38
 206 108  39
 206 109  40
 207 111  41
 208 112  41
 208 113  42
 209 115  43
 209 116  45
 210 117  46
 211 119  47
 211 120  48
 212 121  49
 212 123  49
 213 124  50
 214 126  51
 214 127  53
 215 128  54
 215 130  55
 216 131  56
 217 133  57
 217 134  57
 218 136  58
 218 137  59
 219 139  61
 220 140  62
 220 142  63
 221 143  64
 221 145  65
 222 146  66
 222 148  66
 223 149  67
 224 151  69
 224 152  70
 225 154  71
 225 155  72
 226 157  73
 226 158  74
 227 160  74
 228 162  75
 228 163  77
 229 165  78
 229 166  79
 230 168  80
 230 170  81
 231 171  82
 231 173  82
 232 175  83
 233 176  85
 233 178  86
 234 180  87
 234 181  88
 235 183  89
 235 185  90
 236 186  90
 236 188  91
 237 190  93
 237 192  94
 238 193  95
 238 195  96
 239 197  97
 240 199  98
 240 200  98
 241 202  99
 241 204 101
 242 206 102
 242 207 103
 243 209 104
 243 211 105
 244 213 106
 244 215 106
 245 217 107
 245 218 109
 246 220 110
 246 222 111
 247 224 112
 247 226 113
 248 228 114
 248 230 114
 249 232 115
 249 233 117
 250 235 118
 250 237 119
 251 239 120
 251 241 121
 252 243 122
 252 245 122
 253 247 123
 253 249 125
 254 251 126
 254 253 127
 255 255 128
