000 000 000
000 000 004
000 000 008
000 000 012
000 000 016
000 000 020
000 000 024
000 000 028
000 000 032
000 000 036
000 000 040
000 000 044
000 000 048
000 000 052
000 000 056
000 000 060
000 000 064
000 000 068
000 000 072
000 000 076
000 000 080
000 000 084
000 000 088
000 000 092
000 000 096
000 000 100
000 000 104
000 000 108
000 000 112
000 000 116
000 000 120
000 000 124
000 000 128
000 000 132
000 000 136
000 000 140
000 000 144
000 000 148
000 000 152
000 000 156
000 000 160
000 000 164
000 000 168
000 000 172
000 000 176
000 000 180
000 000 184
000 000 188
000 000 192
000 000 196
000 000 200
000 000 204
000 000 208
000 000 212
000 000 216
000 000 220
000 000 224
000 000 228
000 000 232
000 000 236
000 000 240
000 000 244
000 000 248
000 000 252
001 000 255
004 000 255
007 000 255
010 000 255
013 000 255
016 000 255
020 000 255
023 000 255
026 000 255
029 000 255
032 000 255
035 000 255
038 000 255
041 000 255
045 000 255
048 000 255
051 000 255
054 000 255
057 000 255
060 000 255
063 000 255
066 000 255
070 000 255
073 000 255
076 000 255
079 000 255
082 000 255
085 000 255
088 000 255
091 000 255
095 000 255
098 000 255
101 000 255
104 000 255
107 000 255
110 000 255
113 000 255
116 000 255
120 000 255
123 000 255
126 000 255
129 000 255
132 000 255
135 000 255
138 002 253
141 004 251
145 006 249
148 008 247
151 010 245
154 012 243
157 014 241
160 016 239
163 018 237
166 020 235
170 022 233
173 024 231
176 026 229
179 028 227
182 030 225
185 032 223
188 034 221
191 036 219
195 038 217
198 040 215
201 042 213
204 044 211
207 046 209
210 048 207
213 050 205
216 052 203
220 054 201
223 056 199
226 058 197
229 060 195
232 062 193
235 064 191
238 066 189
241 068 187
245 070 185
248 072 183
251 074 181
254 076 179
255 078 177
255 080 175
255 082 173
255 084 171
255 086 169
255 088 167
255 090 165
255 092 163
255 094 161
255 096 159
255 098 157
255 100 155
255 102 153
255 104 151
255 106 149
255 108 147
255 110 145
255 112 143
255 114 141
255 116 139
255 118 137
255 120 135
255 122 133
255 124 131
255 126 129
255 128 127
255 130 125
255 132 123
255 134 121
255 136 119
255 138 117
255 140 115
255 142 113
255 144 111
255 146 109
255 148 107
255 150 105
255 152 103
255 154 101
255 156 099
255 158 097
255 160 095
255 162 093
255 164 091
255 166 089
255 168 087
255 170 085
255 172 083
255 174 081
255 176 079
255 178 077
255 180 075
255 182 073
255 184 071
255 186 069
255 188 067
255 190 065
255 192 063
255 194 061
255 196 059
255 198 057
255 200 055
255 202 053
255 204 051
255 206 049
255 208 047
255 210 045
255 212 043
255 214 041
255 216 039
255 218 037
255 220 035
255 222 033
255 224 031
255 226 029
255 228 027
255 230 025
255 232 023
255 234 021
255 236 019
255 238 017
255 240 015
255 242 013
255 244 011
255 246 009
255 248 007
255 250 005
255 252 003
255 254 001
255 255 005
255 255 017
255 255 030
255 255 042
255 255 055
255 255 067
255 255 080
255 255 092
255 255 105
255 255 118
255 255 130
255 255 142
255 255 155
255 255 167
255 255 180
255 255 192
255 255 205
255 255 218
255 255 230
255 255 243
255 255 255
