   0   0 128
   0   2 128
   0   3 128
   0   5 128
   0   6 128
   0   8 128
   0   9 128
   0  11 128
   0  13 128
   0  14 128
   0  16 128
   0  17 128
   0  19 128
   0  20 128
   0  22 128
   0  24 128
   0  25 128
   0  27 128
   0  28 128
   0  30 128
   0  31 128
   0  33 128
   0  34 128
   0  36 128
   0  38 128
   0  39 128
   0  41 128
   0  42 128
   0  44 128
   0  45 128
   0  47 128
   0  48 128
   0  50 128
   0  51 128
   0  53 128
   0  55 128
   0  56 128
   0  58 128
   0  59 128
   0  61 128
   0  62 128
   0  64 128
   0  65 128
   0  67 128
   0  68 128
   0  70 128
   0  71 128
   0  73 128
   0  74 128
   0  76 128
   0  77 128
   0  79 128
   0  80 128
   0  82 128
   0  83 128
   0  85 128
   0  86 128
   0  88 128
   0  89 128
   0  91 128
   0  92 128
   0  94 128
   0  95 128
   0  96 128
   0  98 128
   0  99 128
   0 101 128
   0 102 128
   0 104 128
   0 105 128
   0 107 128
   0 108 128
   0 109 128
   0 111 128
   0 112 128
   0 114 128
   0 115 128
   0 116 128
   0 118 128
   0 119 128
   0 121 128
   0 122 128
   0 123 128
   0 125 128
   0 126 128
   0 127 128
   0 129 128
   0 130 128
   0 132 128
   0 133 128
   0 134 128
   0 136 128
   0 137 128
   0 138 128
   0 140 128
   0 141 128
   0 142 128
   0 143 128
   0 145 128
   0 146 128
   0 147 128
   0 149 128
   0 150 128
   0 151 128
   0 152 128
   0 154 128
   0 155 128
   0 156 128
   0 157 128
   0 159 128
   0 160 128
   0 161 128
   0 162 128
   0 164 128
   0 165 128
   0 166 128
   0 167 128
   0 168 128
   0 169 128
   0 171 128
   0 172 128
   0 173 128
   0 174 128
   0 175 128
   0 176 128
   0 178 128
   0 179 128
   0 180 128
   0 181 128
   0 182 128
   0 183 128
   0 184 128
   0 185 128
   0 186 128
   0 187 128
   0 188 128
   0 190 128
   0 191 128
   0 192 128
   0 193 128
   0 194 128
   0 195 128
   0 196 128
   0 197 128
   0 198 128
   0 199 128
   0 200 128
   0 201 128
   0 202 128
   0 203 128
   0 203 128
   0 204 128
   0 205 128
   0 206 128
   0 207 128
   0 208 128
   0 209 128
   0 210 128
   0 211 128
   0 212 128
   0 213 128
   0 213 128
   0 214 128
   0 215 128
   0 216 128
   0 217 128
   0 218 128
   0 218 128
   0 219 128
   0 220 128
   0 221 128
   3 222 128
   6 222 128
   9 223 128
  12 224 128
  15 225 128
  18 225 128
  21 226 128
  24 227 128
  27 228 128
  30 228 128
  33 229 128
  36 230 128
  39 230 128
  42 231 128
  45 232 128
  48 232 128
  51 233 128
  54 234 128
  57 234 128
  60 235 128
  63 235 128
  66 236 128
  69 237 128
  72 237 128
  75 238 128
  78 238 128
  81 239 128
  84 239 128
  87 240 128
  90 241 128
  93 241 128
  96 242 128
  99 242 128
 102 243 128
 105 243 128
 108 243 128
 111 244 128
 114 244 128
 117 245 128
 120 245 128
 123 246 128
 126 246 128
 129 247 128
 132 247 128
 135 247 128
 138 248 128
 141 248 128
 144 248 128
 147 249 128
 150 249 128
 153 249 128
 156 250 128
 159 250 128
 162 250 128
 165 251 128
 168 251 128
 171 251 128
 174 251 128
 177 252 128
 180 252 128
 183 252 128
 186 252 128
 189 253 128
 192 253 128
 195 253 128
 198 253 128
 201 253 128
 204 254 128
 207 254 128
 210 254 128
 213 254 128
 216 254 128
 219 254 128
 222 254 128
 225 255 128
 228 255 128
 231 255 128
 234 255 128
 237 255 128
 240 255 128
 243 255 128
 246 255 128
 249 255 128
 252 255 128
 255 255 128
