   0   0 139
   0   0 141
   0   0 143
   0   0 144
   0   0 146
   0   0 148
   0   0 150
   0   0 152
   0   0 154
   0   0 155
   0   0 157
   0   0 159
   0   0 161
   0   0 163
   0   0 164
   0   0 166
   0   0 168
   0   0 170
   0   0 172
   0   0 174
   0   0 175
   0   0 177
   0   0 179
   0   0 181
   0   0 183
   0   0 184
   0   0 186
   0   0 188
   0   0 190
   0   0 192
   0   0 194
   0   0 195
   0   0 197
   0   0 199
   0   0 201
   0   0 203
   0   0 205
   0   0 206
   0   0 208
   0   0 210
   0   0 212
   0   0 214
   0   0 215
   0   0 217
   0   0 219
   0   0 221
   0   0 223
   0   0 225
   0   0 226
   0   0 228
   0   0 230
   0   0 232
   0   0 234
   0   0 235
   0   0 237
   0   0 239
   0   0 241
   0   0 243
   0   0 245
   0   0 246
   0   0 248
   0   0 250
   0   0 252
   0   0 254
   1   0 254
   5   0 250
   9   0 246
  13   0 242
  17   0 238
  21   0 234
  25   0 230
  29   0 226
  33   0 222
  37   0 218
  41   0 214
  45   0 210
  49   0 206
  53   0 202
  57   0 198
  61   0 194
  65   0 190
  69   0 186
  73   0 182
  77   0 178
  81   0 174
  85   0 170
  89   0 166
  93   0 162
  97   0 158
 101   0 154
 105   0 150
 109   0 146
 113   0 142
 117   0 138
 121   0 134
 125   0 130
 129   0 126
 133   0 122
 137   0 118
 141   0 114
 145   0 110
 149   0 106
 153   0 102
 157   0  98
 161   0  94
 165   0  90
 169   0  86
 173   0  82
 177   0  78
 181   0  74
 185   0  70
 189   0  66
 193   0  62
 197   0  58
 201   0  54
 205   0  50
 209   0  46
 213   0  42
 217   0  38
 221   0  34
 225   0  30
 229   0  26
 233   0  22
 237   0  18
 241   0  14
 245   0  10
 249   0   6
 253   0   2
 255   2   0
 255   6   0
 255  10   0
 255  14   0
 255  18   0
 255  22   0
 255  26   0
 255  30   0
 255  34   0
 255  38   0
 255  42   0
 255  46   0
 255  50   0
 255  54   0
 255  58   0
 255  62   0
 255  66   0
 255  70   0
 255  74   0
 255  78   0
 255  82   0
 255  86   0
 255  90   0
 255  94   0
 255  98   0
 255 102   0
 255 106   0
 255 110   0
 255 114   0
 255 118   0
 255 122   0
 255 126   0
 255 130   0
 255 134   0
 255 138   0
 255 142   0
 255 146   0
 255 150   0
 255 154   0
 255 158   0
 255 162   0
 255 166   0
 255 170   0
 255 174   0
 255 178   0
 255 182   0
 255 186   0
 255 190   0
 255 194   0
 255 198   0
 255 202   0
 255 206   0
 255 210   0
 255 214   0
 255 218   0
 255 222   0
 255 226   0
 255 230   0
 255 234   0
 255 238   0
 255 242   0
 255 246   0
 255 250   0
 255 254   0
 255 255   3
 255 255   7
 255 255  11
 255 255  15
 255 255  19
 255 255  23
 255 255  27
 255 255  31
 255 255  35
 255 255  39
 255 255  43
 255 255  47
 255 255  51
 255 255  55
 255 255  59
 255 255  63
 255 255  67
 255 255  71
 255 255  75
 255 255  79
 255 255  83
 255 255  87
 255 255  91
 255 255  95
 255 255  99
 255 255 103
 255 255 107
 255 255 111
 255 255 115
 255 255 119
 255 255 123
 255 255 127
 255 255 131
 255 255 135
 255 255 139
 255 255 143
 255 255 147
 255 255 151
 255 255 155
 255 255 159
 255 255 163
 255 255 167
 255 255 171
 255 255 175
 255 255 179
 255 255 183
 255 255 187
 255 255 191
 255 255 195
 255 255 199
 255 255 203
 255 255 207
 255 255 211
 255 255 215
 255 255 219
 255 255 223
 255 255 227
 255 255 231
 255 255 235
 255 255 239
 255 255 243
 255 255 247
 255 255 251
 255 255 255
