   0   0 255
   2   3 255
   4   6 255
   6   9 255
   8  13 255
  10  16 255
  12  19 255
  14  22 255
  16  25 255
  18  28 255
  20  31 255
  22  34 255
  24  38 255
  26  41 255
  28  44 255
  30  47 255
  32  50 255
  34  53 255
  36  56 255
  38  59 255
  40  62 255
  42  65 255
  44  68 255
  46  71 255
  48  74 255
  50  77 255
  52  80 255
  54  83 255
  56  86 255
  58  89 255
  60  92 255
  62  95 255
  64  98 255
  66 101 255
  68 104 255
  70 107 255
  72 109 255
  74 112 255
  76 115 255
  78 118 255
  80 121 255
  82 123 255
  84 126 255
  86 129 255
  88 132 255
  90 134 255
  92 137 255
  94 140 255
  96 142 255
  98 145 255
 100 147 255
 102 150 255
 104 152 255
 106 155 255
 108 157 255
 110 160 255
 112 162 255
 114 165 255
 116 167 255
 118 169 255
 120 172 255
 122 174 255
 124 176 255
 126 179 255
 128 181 255
 130 183 255
 132 185 255
 134 187 255
 136 190 255
 138 192 255
 140 194 255
 142 196 255
 144 198 255
 146 200 255
 148 202 255
 150 203 255
 152 205 255
 154 207 255
 156 209 255
 158 211 255
 160 213 255
 162 214 255
 164 216 255
 166 218 255
 168 219 255
 170 221 255
 172 222 255
 174 224 255
 176 225 255
 178 227 255
 180 228 255
 182 230 255
 184 231 255
 186 232 255
 188 234 255
 190 235 255
 192 236 255
 194 237 255
 196 238 255
 198 239 255
 200 241 255
 202 242 255
 204 243 255
 206 243 255
 208 244 255
 210 245 255
 212 246 255
 214 247 255
 216 248 255
 218 248 255
 220 249 255
 222 250 255
 224 250 255
 226 251 255
 228 251 255
 230 252 255
 232 252 255
 234 253 255
 236 253 255
 238 254 255
 240 254 255
 242 254 255
 244 254 255
 246 255 255
 248 255 255
 250 255 255
 252 255 255
 254 255 255
 255 255 254
 255 255 252
 255 255 250
 255 255 248
 255 255 246
 255 254 244
 255 254 242
 255 254 240
 255 254 238
 255 253 236
 255 253 234
 255 252 232
 255 252 230
 255 251 228
 255 251 226
 255 250 224
 255 250 222
 255 249 220
 255 248 218
 255 248 216
 255 247 214
 255 246 212
 255 245 210
 255 244 208
 255 243 206
 255 243 204
 255 242 202
 255 241 200
 255 239 198
 255 238 196
 255 237 194
 255 236 192
 255 235 190
 255 234 188
 255 232 186
 255 231 184
 255 230 182
 255 228 180
 255 227 178
 255 225 176
 255 224 174
 255 222 172
 255 221 170
 255 219 168
 255 218 166
 255 216 164
 255 214 162
 255 213 160
 255 211 158
 255 209 156
 255 207 154
 255 205 152
 255 203 150
 255 202 148
 255 200 146
 255 198 144
 255 196 142
 255 194 140
 255 192 138
 255 190 136
 255 187 134
 255 185 132
 255 183 130
 255 181 128
 255 179 126
 255 176 124
 255 174 122
 255 172 120
 255 169 118
 255 167 116
 255 165 114
 255 162 112
 255 160 110
 255 157 108
 255 155 106
 255 152 104
 255 150 102
 255 147 100
 255 145  98
 255 142  96
 255 140  94
 255 137  92
 255 134  90
 255 132  88
 255 129  86
 255 126  84
 255 123  82
 255 121  80
 255 118  78
 255 115  76
 255 112  74
 255 109  72
 255 107  70
 255 104  68
 255 101  66
 255  98  64
 255  95  62
 255  92  60
 255  89  58
 255  86  56
 255  83  54
 255  80  52
 255  77  50
 255  74  48
 255  71  46
 255  68  44
 255  65  42
 255  62  40
 255  59  38
 255  56  36
 255  53  34
 255  50  32
 255  47  30
 255  44  28
 255  41  26
 255  38  24
 255  34  22
 255  31  20
 255  28  18
 255  25  16
 255  22  14
 255  19  12
 255  16  10
 255  13   8
 255   9   6
 255   6   4
 255   3   2
 255   0   0
