   0   0 255
   0   3 255
   0   6 255
   0   9 255
   0  13 255
   0  16 255
   0  19 255
   0  22 255
   0  25 255
   0  28 255
   0  31 255
   0  34 255
   0  38 255
   0  41 255
   0  44 255
   0  47 255
   0  50 255
   0  53 255
   0  56 255
   0  59 255
   0  62 255
   0  65 254
   0  68 252
   0  71 250
   0  74 248
   0  77 246
   0  80 244
   0  83 242
   0  86 240
   0  89 238
   0  92 236
   0  95 234
   0  98 232
   0 101 230
   0 104 228
   0 107 226
   0 109 224
   0 112 222
   0 115 220
   0 118 218
   0 121 216
   0 123 214
   0 126 212
   0 129 210
   0 132 208
   0 134 206
   0 137 204
   0 140 202
   0 142 200
   0 145 198
   0 147 196
   0 150 194
   0 152 192
   0 155 190
   0 157 188
   0 160 186
   0 162 184
   0 165 182
   0 167 180
   0 169 178
   0 172 176
   0 174 174
   0 176 172
   0 179 170
   0 181 168
   0 183 166
   0 185 164
   0 187 162
   0 190 160
   0 192 158
   0 194 156
   0 196 154
   0 198 152
   0 200 150
   0 202 148
   0 203 146
   0 205 144
   0 207 142
   0 209 140
   0 211 138
   0 213 136
   0 214 134
   0 216 132
   0 218 130
   0 219 128
   0 221 126
   3 222 124
   6 224 122
   9 225 120
  12 227 118
  15 228 116
  18 230 114
  21 231 112
  24 232 110
  27 234 108
  30 235 106
  33 236 104
  36 237 102
  39 238 100
  42 239  98
  45 241  96
  48 242  94
  51 243  92
  54 243  90
  57 244  88
  60 245  86
  63 246  84
  66 247  82
  69 248  80
  72 248  78
  75 249  76
  78 250  74
  81 250  72
  84 251  70
  87 251  68
  90 252  66
  93 252  64
  96 253  62
  99 253  60
 102 254  58
 105 254  56
 108 254  54
 111 254  52
 114 255  50
 117 255  48
 120 255  46
 123 255  44
 126 255  42
 129 255  40
 132 255  38
 135 255  36
 138 255  34
 141 255  32
 144 254  30
 147 254  28
 150 254  26
 153 254  24
 156 253  22
 159 253  20
 162 252  18
 165 252  16
 168 251  14
 171 251  12
 174 250  10
 177 250   8
 180 249   6
 183 248   4
 186 248   2
 189 247   0
 192 246   0
 195 245   0
 198 244   0
 201 243   0
 204 243   0
 207 242   0
 210 241   0
 213 239   0
 216 238   0
 219 237   0
 222 236   0
 225 235   0
 228 234   0
 231 232   0
 234 231   0
 237 230   0
 240 228   0
 243 227   0
 246 225   0
 249 224   0
 252 222   0
 255 221   0
 255 219   0
 255 218   0
 255 216   0
 255 214   0
 255 213   0
 255 211   0
 255 209   0
 255 207   0
 255 205   0
 255 203   0
 255 202   0
 255 200   0
 255 198   0
 255 196   0
 255 194   0
 255 192   0
 255 190   0
 255 187   0
 255 185   0
 255 183   0
 255 181   0
 255 179   0
 255 176   0
 255 174   0
 255 172   0
 255 169   0
 255 167   0
 255 165   0
 255 162   0
 255 160   0
 255 157   0
 255 155   0
 255 152   0
 255 150   0
 255 147   0
 255 145   0
 255 142   0
 255 140   0
 255 137   0
 255 134   0
 255 132   0
 255 129   0
 255 126   0
 255 123   0
 255 121   0
 255 118   0
 255 115   0
 255 112   0
 255 109   0
 255 107   0
 255 104   0
 255 101   0
 255  98   0
 255  95   0
 255  92   0
 255  89   0
 255  86   0
 255  83   0
 255  80   0
 255  77   0
 255  74   0
 255  71   0
 255  68   0
 255  65   0
 255  62   0
 255  59   0
 255  56   0
 255  53   0
 255  50   0
 255  47   0
 255  44   0
 255  41   0
 255  38   0
 255  34   0
 255  31   0
 255  28   0
 255  25   0
 255  22   0
 255  19   0
 255  16   0
 255  13   0
 255   9   0
 255   6   0
 255   3   0
 255   0   0
