# JR
255 255 255
250 250 255
245 245 255
240 240 255
235 235 255
230 230 255
225 225 255
220 220 255
215 215 255
210 210 255
205 205 255
200 200 255
195 195 255
190 190 255
185 185 255
180 180 255
175 175 255
170 170 255
165 165 255
160 160 255
155 155 255
150 150 255
145 145 255
140 140 255
135 135 255
130 130 255
125 125 255
120 120 255
115 115 255
110 110 255
105 105 255
100 100 255
095 095 255
090 090 255
085 085 255
080 080 255
075 075 255
070 070 255
065 065 255
060 060 255
055 055 255
050 050 255
045 045 255
040 040 255
035 035 255
030 030 255
025 025 255
020 020 255
015 015 255
010 010 255
005 005 255
000 000 255
000 005 255
000 010 255
000 015 255
000 020 255
000 025 255
000 030 255
000 035 255
000 040 255
000 045 255
000 050 255
000 055 255
000 060 255
000 065 255
000 070 255
000 075 255
000 080 255
000 085 255
000 090 255
000 095 255
000 100 255
000 105 255
000 110 255
000 115 255
000 120 255
000 125 255
000 130 255
000 135 255
000 140 255
000 145 255
000 150 255
000 155 255
000 160 255
000 165 255
000 170 255
000 175 255
000 180 255
000 185 255
000 190 255
000 195 255
000 200 255
000 205 255
000 210 255
000 215 255
000 220 255
000 225 255
000 230 255
000 235 255
000 240 255
000 245 255
000 250 255
000 255 255
000 255 250
000 255 245
000 255 240
000 255 235
000 255 230
000 255 225
000 255 220
000 255 215
000 255 210
000 255 205
000 255 200
000 255 195
000 255 190
000 255 185
000 255 180
000 255 175
000 255 170
000 255 165
000 255 160
000 255 155
000 255 150
000 255 145
000 255 140
000 255 135
000 255 130
000 255 125
000 255 120
000 255 115
000 255 110
000 255 105
000 255 100
000 255 095
000 255 090
000 255 085
000 255 080
000 255 075
000 255 070
000 255 065
000 255 060
000 255 055
000 255 050
000 255 045
000 255 040
000 255 035
000 255 030
000 255 025
000 255 020
000 255 015
000 255 010
000 255 005
000 255 000
005 255 000
010 255 000
015 255 000
020 255 000
025 255 000
030 255 000
035 255 000
040 255 000
045 255 000
050 255 000
055 255 000
060 255 000
065 255 000
070 255 000
075 255 000
080 255 000
085 255 000
090 255 000
095 255 000
100 255 000
105 255 000
110 255 000
115 255 000
120 255 000
125 255 000
130 255 000
135 255 000
140 255 000
145 255 000
150 255 000
155 255 000
160 255 000
165 255 000
170 255 000
175 255 000
180 255 000
185 255 000
190 255 000
195 255 000
200 255 000
205 255 000
210 255 000
215 255 000
220 255 000
225 255 000
230 255 000
235 255 000
240 255 000
245 255 000
250 255 000
255 255 000
255 250 000
255 245 000
255 240 000
255 235 000
255 230 000
255 225 000
255 220 000
255 215 000
255 210 000
255 205 000
255 200 000
255 195 000
255 190 000
255 185 000
255 180 000
255 175 000
255 170 000
255 165 000
255 160 000
255 155 000
255 150 000
255 145 000
255 140 000
255 135 000
255 130 000
255 125 000
255 120 000
255 115 000
255 110 000
255 105 000
255 100 000
255 095 000
255 090 000
255 085 000
255 080 000
255 075 000
255 070 000
255 065 000
255 060 000
255 055 000
255 050 000
255 045 000
255 040 000
255 035 000
255 030 000
255 025 000
255 020 000
255 015 000
255 010 000
255 005 000
255 000 000
