# MadLab
000 000 143
000 000 147
000 000 151
000 000 155
000 000 159
000 000 163
000 000 167
000 000 171
000 000 175
000 000 179
000 000 183
000 000 186
000 000 190
000 000 194
000 000 198
000 000 202
000 000 206
000 000 210
000 000 214
000 000 218
000 000 222
000 000 226
000 000 230
000 000 234
000 000 238
000 000 242
000 000 246
000 000 250
000 000 254
000 003 255
000 007 255
000 011 255
000 014 255
000 018 255
000 022 255
000 026 255
000 030 255
000 034 255
000 038 255
000 042 255
000 046 255
000 050 255
000 054 255
000 058 255
000 062 255
000 066 255
000 070 255
000 074 255
000 077 255
000 081 255
000 085 255
000 089 255
000 093 255
000 097 255
000 101 255
000 105 255
000 109 255
000 113 255
000 117 255
000 121 255
000 125 255
000 129 255
000 133 255
000 137 255
000 140 255
000 144 255
000 148 255
000 152 255
000 156 255
000 160 255
000 164 255
000 168 255
000 172 255
000 176 255
000 180 255
000 184 255
000 188 255
000 192 255
000 196 255
000 200 255
000 203 255
000 207 255
000 211 255
000 215 255
000 219 255
000 223 255
000 227 255
000 231 255
000 235 255
000 239 255
000 243 255
000 247 255
000 251 255
000 255 255
004 255 251
008 255 247
011 255 244
015 255 240
019 255 236
023 255 232
027 255 228
031 255 224
035 255 220
039 255 216
043 255 212
047 255 208
051 255 204
055 255 200
059 255 196
063 255 192
067 255 188
071 255 184
074 255 181
078 255 177
082 255 173
086 255 169
090 255 165
094 255 161
098 255 157
102 255 153
106 255 149
110 255 145
114 255 141
118 255 137
122 255 133
126 255 129
130 255 125
134 255 122
137 255 118
141 255 114
145 255 110
149 255 106
153 255 102
157 255 098
161 255 094
165 255 090
169 255 086
173 255 082
177 255 078
181 255 074
185 255 070
189 255 066
193 255 062
196 255 059
200 255 055
204 255 051
208 255 047
212 255 043
216 255 039
220 255 035
224 255 031
228 255 027
232 255 023
236 255 019
240 255 015
244 255 011
248 255 007
252 255 003
255 254 000
255 251 000
255 247 000
255 243 000
255 239 000
255 235 000
255 231 000
255 227 000
255 223 000
255 219 000
255 215 000
255 211 000
255 207 000
255 203 000
255 199 000
255 195 000
255 191 000
255 188 000
255 184 000
255 180 000
255 176 000
255 172 000
255 168 000
255 164 000
255 160 000
255 156 000
255 152 000
255 148 000
255 144 000
255 140 000
255 136 000
255 132 000
255 128 000
255 125 000
255 121 000
255 117 000
255 113 000
255 109 000
255 105 000
255 101 000
255 097 000
255 093 000
255 089 000
255 085 000
255 081 000
255 077 000
255 073 000
255 069 000
255 065 000
255 062 000
255 058 000
255 054 000
255 050 000
255 046 000
255 042 000
255 038 000
255 034 000
255 030 000
255 026 000
255 022 000
255 018 000
255 014 000
255 010 000
255 006 000
255 002 000
254 000 000
250 000 000
246 000 000
242 000 000
238 000 000
234 000 000
230 000 000
226 000 000
222 000 000
218 000 000
214 000 000
210 000 000
206 000 000
203 000 000
199 000 000
195 000 000
191 000 000
187 000 000
183 000 000
179 000 000
175 000 000
171 000 000
167 000 000
163 000 000
159 000 000
155 000 000
152 000 000
148 000 000
144 000 000
140 000 000
136 000 000
132 000 000
128 000 000
