# RdBu
178 024 043
179 026 044
180 028 045
181 030 046
182 032 047
183 034 048
184 036 049
185 038 050
186 040 050
187 042 051
188 044 052
189 046 053
190 048 054
191 050 055
192 052 056
193 054 057
194 056 058
195 058 059
196 060 060
197 062 061
198 064 062
199 066 063
200 067 064
201 069 064
202 071 065
203 073 066
204 075 067
205 077 068
206 079 069
207 081 070
208 083 071
209 085 072
210 087 073
211 089 074
212 091 075
213 093 076
214 095 077
214 097 078
215 099 079
216 101 081
217 103 082
218 105 084
219 107 085
219 108 087
220 110 088
221 112 089
222 114 091
223 116 092
224 118 094
224 120 095
225 122 097
226 124 098
227 125 100
228 127 101
228 129 103
229 131 104
230 133 105
231 135 107
232 137 108
233 139 110
233 141 111
234 143 113
235 144 114
236 146 116
237 148 117
238 150 119
238 152 120
239 154 121
240 156 123
241 158 124
242 160 126
242 161 127
243 163 129
244 165 130
244 167 132
245 168 134
245 170 136
245 171 138
245 173 140
246 174 142
246 176 144
246 177 145
246 179 147
247 180 149
247 182 151
247 183 153
247 184 155
247 186 157
248 187 159
248 189 161
248 190 162
248 192 164
249 193 166
249 195 168
249 196 170
249 198 172
250 199 174
250 201 176
250 202 178
250 204 180
251 205 181
251 207 183
251 208 185
251 210 187
252 211 189
252 213 191
252 214 193
252 216 195
253 217 197
253 219 198
252 219 200
251 219 201
250 220 202
249 220 203
247 220 204
246 221 205
245 221 207
244 221 208
242 221 209
241 222 210
240 222 211
239 222 212
238 222 213
236 223 214
235 223 216
234 223 217
233 224 218
232 224 219
230 224 220
229 224 221
228 225 222
227 225 223
226 225 225
224 226 226
223 226 227
222 226 228
221 226 229
220 227 230
218 227 231
217 227 232
216 227 234
215 228 235
213 228 236
212 228 237
211 229 238
210 229 239
209 229 240
207 228 239
205 227 239
203 226 238
202 225 238
200 224 237
198 223 237
196 223 236
195 222 236
193 221 235
191 220 235
189 219 234
188 218 234
186 217 233
184 216 233
183 216 232
181 215 232
179 214 231
177 213 231
176 212 230
174 211 230
172 210 229
170 209 229
169 209 228
167 208 228
165 207 228
164 206 227
162 205 227
160 204 226
158 203 226
157 202 225
155 202 225
153 201 224
151 200 224
150 199 223
148 198 223
146 197 222
144 196 221
142 194 221
140 193 220
138 192 219
135 190 218
133 189 218
131 188 217
129 186 216
127 185 215
125 183 215
122 182 214
120 181 213
118 179 212
116 178 212
114 177 211
112 175 210
109 174 210
107 172 209
105 171 208
103 170 207
101 168 207
099 167 206
096 166 205
094 164 204
092 163 204
090 162 203
088 160 202
086 159 201
083 157 201
081 156 200
079 155 199
077 153 198
075 152 198
073 151 197
070 149 196
068 148 195
067 146 195
066 145 194
065 144 193
064 143 193
063 142 192
062 140 192
061 139 191
060 138 190
059 137 190
058 135 189
057 134 188
056 133 188
055 132 187
054 130 187
054 129 186
053 128 185
052 127 185
051 125 184
050 124 183
049 123 183
048 122 182
047 121 181
046 119 181
045 118 180
044 117 180
043 116 179
042 114 178
041 113 178
040 112 177
040 111 176
039 109 176
038 108 175
037 107 175
036 106 174
035 104 173
034 103 173
033 102 172
