# Cold
000 000 139
000 000 141
000 000 143
000 000 144
000 000 146
000 000 148
000 000 150
000 000 152
000 000 154
000 000 155
000 000 157
000 000 159
000 000 161
000 000 163
000 000 164
000 000 166
000 000 168
000 000 170
000 000 172
000 000 174
000 000 175
000 000 177
000 000 179
000 000 181
000 000 183
000 000 184
000 000 186
000 000 188
000 000 190
000 000 192
000 000 194
000 000 195
000 000 197
000 000 199
000 000 201
000 000 203
000 000 205
000 000 206
000 000 208
000 000 210
000 000 212
000 000 214
000 000 215
000 000 217
000 000 219
000 000 221
000 000 223
000 000 225
000 000 226
000 000 228
000 000 230
000 000 232
000 000 234
000 000 235
000 000 237
000 000 239
000 000 241
000 000 243
000 000 245
000 000 246
000 000 248
000 000 250
000 000 252
000 000 254
000 001 255
000 005 255
000 009 255
000 013 255
000 017 255
000 021 255
000 025 255
000 029 255
000 033 255
000 037 255
000 041 255
000 045 255
000 049 255
000 053 255
000 057 255
000 061 255
000 065 255
000 069 255
000 073 255
000 077 255
000 081 255
000 085 255
000 089 255
000 093 255
000 097 255
000 101 255
000 105 255
000 109 255
000 113 255
000 117 255
000 121 255
000 125 255
000 129 255
000 133 255
000 137 255
000 141 255
000 145 255
000 149 255
000 153 255
000 157 255
000 161 255
000 165 255
000 169 255
000 173 255
000 177 255
000 181 255
000 185 255
000 189 255
000 193 255
000 197 255
000 201 255
000 205 255
000 209 255
000 213 255
000 217 255
000 221 255
000 225 255
000 229 255
000 233 255
000 237 255
000 241 255
000 245 255
000 249 255
000 253 255
000 255 253
000 255 249
000 255 245
000 255 241
000 255 237
000 255 233
000 255 229
000 255 225
000 255 221
000 255 217
000 255 213
000 255 209
000 255 205
000 255 201
000 255 197
000 255 193
000 255 189
000 255 185
000 255 181
000 255 177
000 255 173
000 255 169
000 255 165
000 255 161
000 255 157
000 255 153
000 255 149
000 255 145
000 255 141
000 255 137
000 255 133
000 255 129
000 255 125
000 255 121
000 255 117
000 255 113
000 255 109
000 255 105
000 255 101
000 255 097
000 255 093
000 255 089
000 255 085
000 255 081
000 255 077
000 255 073
000 255 069
000 255 065
000 255 061
000 255 057
000 255 053
000 255 049
000 255 045
000 255 041
000 255 037
000 255 033
000 255 029
000 255 025
000 255 021
000 255 017
000 255 013
000 255 009
000 255 005
000 255 001
003 255 003
007 255 007
011 255 011
015 255 015
019 255 019
023 255 023
027 255 027
031 255 031
035 255 035
039 255 039
043 255 043
047 255 047
051 255 051
055 255 055
059 255 059
063 255 063
067 255 067
071 255 071
075 255 075
079 255 079
083 255 083
087 255 087
091 255 091
095 255 095
099 255 099
103 255 103
107 255 107
111 255 111
115 255 115
119 255 119
123 255 123
127 255 127
131 255 131
135 255 135
139 255 139
143 255 143
147 255 147
151 255 151
155 255 155
159 255 159
163 255 163
167 255 167
171 255 171
175 255 175
179 255 179
183 255 183
187 255 187
191 255 191
195 255 195
199 255 199
203 255 203
207 255 207
211 255 211
215 255 215
219 255 219
223 255 223
227 255 227
231 255 231
235 255 235
239 255 239
243 255 243
247 255 247
251 255 251
255 255 255
