# YlOrRd
255 255 204
255 255 203
255 254 202
255 254 200
255 253 199
255 253 198
255 252 197
255 252 196
255 251 194
255 251 193
255 250 192
255 250 191
255 249 190
255 249 188
255 248 187
255 248 186
255 247 185
255 247 183
255 246 182
255 246 181
255 245 180
255 245 179
255 244 177
255 244 176
255 243 175
255 243 174
255 242 173
255 242 171
255 241 170
255 241 169
255 240 168
255 240 167
255 239 165
255 239 164
255 238 163
255 238 162
255 237 161
255 237 159
255 236 158
255 236 157
255 235 156
255 234 155
255 234 154
255 233 152
255 233 151
255 232 150
255 232 149
255 231 148
255 231 147
255 230 146
255 230 144
255 229 143
255 228 142
255 228 141
255 227 140
254 227 139
254 226 137
254 226 136
254 225 135
254 225 134
254 224 133
254 224 132
254 223 131
254 222 129
254 222 128
254 221 127
254 221 126
254 220 125
254 220 124
254 219 122
254 219 121
254 218 120
254 217 119
254 217 118
254 216 117
254 215 116
254 214 114
254 213 113
254 211 112
254 210 111
254 209 110
254 208 109
254 207 107
254 206 106
254 205 105
254 204 104
254 203 103
254 202 102
254 201 101
254 200 099
254 199 098
254 198 097
254 197 096
254 195 095
254 194 094
254 193 092
254 192 091
254 191 090
254 190 089
254 189 088
254 188 087
254 187 086
254 186 084
254 185 083
254 184 082
254 183 081
254 182 080
254 180 079
254 179 077
254 178 076
254 177 076
254 176 075
254 175 075
254 174 074
254 173 074
254 172 073
254 171 073
254 170 073
254 169 072
254 168 072
254 167 071
254 166 071
254 165 070
254 164 070
254 163 070
254 162 069
254 161 069
254 160 068
253 159 068
253 158 067
253 157 067
253 156 066
253 155 066
253 154 066
253 153 065
253 152 065
253 151 064
253 150 064
253 149 063
253 148 063
253 147 063
253 146 062
253 145 062
253 144 061
253 143 061
253 142 060
253 141 060
253 139 059
253 137 059
253 135 058
253 134 058
253 132 057
253 130 057
253 128 056
253 127 056
253 125 055
253 123 055
253 121 054
253 120 054
253 118 053
253 116 053
253 115 052
253 113 052
253 111 051
252 109 051
252 108 050
252 106 050
252 104 049
252 102 049
252 101 048
252 099 048
252 097 048
252 096 047
252 094 047
252 092 046
252 090 046
252 089 045
252 087 045
252 085 044
252 083 044
252 082 043
252 080 043
252 078 042
251 077 042
251 075 041
250 074 041
249 072 041
249 071 040
248 070 040
247 068 039
247 067 039
246 065 039
245 064 038
245 063 038
244 061 037
243 060 037
242 058 037
242 057 036
241 055 036
240 054 036
240 053 035
239 051 035
238 050 034
238 048 034
237 047 034
236 045 033
236 044 033
235 043 032
234 041 032
234 040 032
233 038 031
232 037 031
232 035 031
231 034 030
230 033 030
229 031 029
229 030 029
228 028 029
227 027 028
226 026 028
225 025 028
224 024 029
222 024 029
221 023 029
220 022 029
218 021 030
217 021 030
215 020 030
214 019 031
213 019 031
211 018 031
210 017 031
209 016 032
207 016 032
206 015 032
204 014 033
203 014 033
202 013 033
200 012 033
199 011 034
198 011 034
196 010 034
195 009 034
193 009 035
192 008 035
191 007 035
189 006 036
188 006 036
187 005 036
185 004 036
184 004 037
182 003 037
181 002 037
180 001 037
178 001 038
177 000 038
