# Florence
000 000 255
064 003 255
076 006 255
084 009 255
090 013 255
095 016 255
100 019 255
104 022 255
107 025 255
111 028 255
113 031 255
116 034 255
119 038 255
121 041 255
123 044 255
126 047 255
128 050 255
130 053 255
131 056 255
133 059 255
135 062 255
137 065 255
138 068 255
140 071 255
141 074 255
143 077 255
144 080 255
145 083 255
147 086 255
148 089 255
149 092 255
151 095 255
152 098 255
153 101 255
154 104 255
155 107 255
156 109 255
157 112 255
158 115 255
159 118 255
160 121 255
161 123 255
162 126 255
163 129 255
164 132 255
165 134 255
166 137 255
167 140 255
168 142 255
169 145 255
170 147 255
171 150 255
171 152 255
172 155 255
173 157 255
174 160 255
175 162 255
175 165 255
176 167 255
177 169 255
178 172 255
178 174 255
179 176 255
180 179 255
180 181 255
181 183 255
182 185 255
183 187 255
183 190 255
184 192 255
185 194 255
185 196 255
186 198 255
187 200 255
187 202 255
188 203 255
188 205 255
189 207 255
190 209 255
190 211 255
191 213 255
191 214 255
192 216 255
193 218 255
193 219 255
194 221 255
194 222 255
195 224 255
195 225 255
196 227 255
197 228 255
197 230 255
198 231 255
198 232 255
199 234 255
199 235 255
200 236 255
200 237 255
201 238 255
201 239 255
202 241 255
202 242 255
203 243 255
203 243 255
204 244 255
204 245 255
205 246 255
205 247 255
206 248 255
206 248 255
207 249 255
207 250 255
208 250 255
208 251 255
209 251 255
209 252 255
209 252 255
210 253 255
210 253 255
211 254 255
211 254 255
212 254 255
212 254 255
213 255 255
213 255 255
213 255 255
214 255 255
214 255 255
215 255 255
215 255 255
215 255 255
216 255 255
216 255 255
217 254 255
217 254 255
218 254 255
218 254 255
218 253 255
219 253 255
219 252 255
220 252 255
220 251 255
220 251 255
221 250 255
221 250 255
221 249 255
222 248 255
222 248 255
223 247 255
223 246 255
223 245 255
224 244 255
224 243 255
224 243 255
225 242 255
225 241 255
226 239 255
226 238 255
226 237 255
227 236 255
227 235 255
227 234 255
228 232 255
228 231 255
228 230 255
229 228 255
229 227 255
229 225 255
230 224 255
230 222 255
230 221 255
231 219 255
231 218 255
231 216 255
232 214 255
232 213 255
232 211 255
233 209 255
233 207 255
233 205 255
234 203 255
234 202 255
234 200 255
235 198 255
235 196 255
235 194 255
236 192 255
236 190 255
236 187 255
237 185 255
237 183 255
237 181 255
238 179 255
238 176 255
238 174 255
238 172 255
239 169 255
239 167 255
239 165 255
240 162 255
240 160 255
240 157 255
241 155 255
241 152 255
241 150 255
241 147 255
242 145 255
242 142 255
242 140 255
243 137 255
243 134 255
243 132 255
243 129 255
244 126 255
244 123 255
244 121 255
245 118 255
245 115 255
245 112 255
245 109 255
246 107 255
246 104 255
246 101 255
247 098 255
247 095 255
247 092 255
247 089 255
248 086 255
248 083 255
248 080 255
249 077 255
249 074 255
249 071 255
249 068 255
250 065 255
250 062 255
250 059 255
250 056 255
251 053 255
251 050 255
251 047 255
251 044 255
252 041 255
252 038 255
252 034 255
252 031 255
253 028 255
253 025 255
253 022 255
253 019 255
254 016 255
254 013 255
254 009 255
254 006 255
255 003 255
255 000 255
