# XRay
000 000 000
000 001 001
000 002 002
000 003 003
000 004 004
000 005 005
000 006 006
000 007 007
000 008 008
000 009 009
000 010 010
000 011 011
000 012 012
000 013 013
000 014 014
000 015 015
000 016 016
000 017 017
000 018 018
000 019 019
000 020 020
000 021 021
000 022 022
000 023 023
000 024 024
000 025 025
000 026 026
000 027 027
000 028 028
000 029 029
000 030 030
000 031 031
000 032 032
000 033 033
000 034 034
000 035 035
000 036 036
000 037 037
000 038 038
000 039 039
000 040 040
000 041 041
000 042 042
000 043 043
000 044 044
000 045 045
000 046 046
000 047 047
000 048 048
000 049 049
000 050 050
000 051 051
000 052 052
000 053 053
000 054 054
000 055 055
000 056 056
000 057 057
000 058 058
000 059 059
000 060 060
000 061 061
000 062 062
000 063 063
000 064 064
000 065 065
000 066 066
000 067 067
000 068 068
000 069 069
000 070 070
000 071 071
000 072 072
000 073 073
000 074 074
000 075 075
000 076 076
000 077 077
000 078 078
000 079 079
000 080 080
000 081 081
000 082 082
000 083 083
000 084 084
000 085 085
000 086 086
000 087 087
000 088 088
000 089 089
000 090 090
000 091 091
000 092 092
000 093 093
000 094 094
000 095 095
000 096 096
000 097 097
000 098 098
000 099 099
000 100 100
000 101 101
000 102 102
000 103 103
000 104 104
000 105 105
000 106 106
000 107 107
000 108 108
000 109 109
000 110 110
000 111 111
000 112 112
000 113 113
000 114 114
000 115 115
000 116 116
000 117 117
000 118 118
000 119 119
000 120 120
000 121 121
000 122 122
000 123 123
000 124 124
000 125 125
000 126 126
000 127 127
001 128 128
003 129 129
005 130 130
007 131 131
009 132 132
011 133 133
013 134 134
015 135 135
017 136 136
019 137 137
021 138 138
023 139 139
025 140 140
027 141 141
029 142 142
031 143 143
033 144 144
035 145 145
037 146 146
039 147 147
041 148 148
043 149 149
045 150 150
047 151 151
049 152 152
051 153 153
053 154 154
055 155 155
057 156 156
059 157 157
061 158 158
063 159 159
065 160 160
067 161 161
069 162 162
071 163 163
073 164 164
075 165 165
077 166 166
079 167 167
081 168 168
083 169 169
085 170 170
087 171 171
089 172 172
091 173 173
093 174 174
095 175 175
097 176 176
099 177 177
101 178 178
103 179 179
105 180 180
107 181 181
109 182 182
111 183 183
113 184 184
115 185 185
117 186 186
119 187 187
121 188 188
123 189 189
125 190 190
127 191 191
129 192 192
131 193 193
133 194 194
135 195 195
137 196 196
139 197 197
141 198 198
143 199 199
145 200 200
147 201 201
149 202 202
151 203 203
153 204 204
155 205 205
157 206 206
159 207 207
161 208 208
163 209 209
165 210 210
167 211 211
169 212 212
171 213 213
173 214 214
175 215 215
177 216 216
179 217 217
181 218 218
183 219 219
185 220 220
187 221 221
189 222 222
191 223 223
193 224 224
195 225 225
197 226 226
199 227 227
201 228 228
203 229 229
205 230 230
207 231 231
209 232 232
211 233 233
213 234 234
215 235 235
217 236 236
219 237 237
221 238 238
223 239 239
225 240 240
227 241 241
229 242 242
231 243 243
233 244 244
235 245 245
237 246 246
239 247 247
241 248 248
243 249 249
245 250 250
247 251 251
249 252 252
251 253 253
253 254 254
255 255 255
