# Old
128 000 000
128 002 001
128 003 002
128 005 003
128 006 004
128 008 005
128 009 006
128 011 007
128 013 008
128 014 009
128 016 010
128 017 011
128 019 012
128 020 013
128 022 014
128 024 015
128 025 016
128 027 017
128 028 018
128 030 019
128 031 020
128 033 021
128 034 022
128 036 023
128 038 024
128 039 025
128 041 026
128 042 027
128 044 028
128 045 029
128 047 030
128 048 031
128 050 032
128 051 033
128 053 034
128 055 035
128 056 036
128 058 037
128 059 038
128 061 039
128 062 040
128 064 041
128 065 042
128 067 043
128 068 044
128 070 045
128 071 046
128 073 047
128 074 048
128 076 049
128 077 050
128 079 051
128 080 052
128 082 053
128 083 054
128 085 055
128 086 056
128 088 057
128 089 058
128 091 059
128 092 060
128 094 061
128 095 062
128 096 063
128 098 064
128 099 065
128 101 066
128 102 067
128 104 068
128 105 069
128 107 070
128 108 071
128 109 072
128 111 073
128 112 074
128 114 075
128 115 076
128 116 077
128 118 078
128 119 079
128 121 080
128 122 081
128 123 082
128 125 083
128 126 084
128 127 085
128 129 086
128 130 087
128 132 088
128 133 089
128 134 090
128 136 091
128 137 092
128 138 093
128 140 094
128 141 095
128 142 096
128 143 097
128 145 098
128 146 099
128 147 100
128 149 101
128 150 102
128 151 103
128 152 104
128 154 105
128 155 106
128 156 107
128 157 108
128 159 109
128 160 110
128 161 111
128 162 112
128 164 113
128 165 114
128 166 115
128 167 116
128 168 117
128 169 118
128 171 119
128 172 120
128 173 121
128 174 122
128 175 123
128 176 124
128 178 125
128 179 126
128 180 127
128 181 128
128 182 129
128 183 130
128 184 131
128 185 132
128 186 133
128 187 134
128 188 135
128 190 136
128 191 137
128 192 138
128 193 139
128 194 140
128 195 141
128 196 142
128 197 143
128 198 144
128 199 145
128 200 146
128 201 147
128 202 148
128 203 149
128 203 150
128 204 151
128 205 152
128 206 153
128 207 154
128 208 155
128 209 156
128 210 157
128 211 158
128 212 159
128 213 160
128 213 161
128 214 162
128 215 163
128 216 164
128 217 165
128 218 166
128 218 167
128 219 168
128 220 169
128 221 170
128 222 171
128 222 172
128 223 173
128 224 174
128 225 175
128 225 176
128 226 177
128 227 178
128 228 179
128 228 180
128 229 181
128 230 182
128 230 183
128 231 184
128 232 185
128 232 186
128 233 187
128 234 188
128 234 189
128 235 190
128 235 191
128 236 192
128 237 193
128 237 194
128 238 195
128 238 196
128 239 197
128 239 198
128 240 199
128 241 200
128 241 201
128 242 202
128 242 203
128 243 204
128 243 205
128 243 206
128 244 207
128 244 208
128 245 209
128 245 210
128 246 211
128 246 212
128 247 213
128 247 214
128 247 215
128 248 216
128 248 217
128 248 218
128 249 219
128 249 220
128 249 221
128 250 222
128 250 223
128 250 224
128 251 225
128 251 226
128 251 227
128 251 228
128 252 229
128 252 230
128 252 231
128 252 232
128 253 233
128 253 234
128 253 235
128 253 236
128 253 237
128 254 238
128 254 239
128 254 240
128 254 241
128 254 242
128 254 243
128 254 244
128 255 245
128 255 246
128 255 247
128 255 248
128 255 249
128 255 250
128 255 251
128 255 252
128 255 253
128 255 254
128 255 255
