# PiYG
197 027 125
198 030 126
198 032 128
199 035 129
200 037 130
200 040 132
201 042 133
202 045 134
202 047 136
203 050 137
204 052 138
205 055 140
205 057 141
206 060 142
207 062 144
207 065 145
208 067 147
209 070 148
209 072 149
210 075 151
211 078 152
211 080 153
212 083 155
213 085 156
213 088 157
214 090 159
215 093 160
216 095 161
216 098 163
217 100 164
218 103 165
218 105 167
219 108 168
220 110 169
220 113 171
221 115 172
222 118 173
222 120 175
223 122 176
223 123 177
224 125 178
224 127 180
225 129 181
225 130 182
226 132 183
226 134 184
227 136 186
228 137 187
228 139 188
229 141 189
229 142 190
230 144 192
230 146 193
231 148 194
231 149 195
232 151 196
232 153 198
233 155 199
233 156 200
234 158 201
234 160 202
235 161 204
235 163 205
236 165 206
236 167 207
237 168 209
237 170 210
238 172 211
238 174 212
239 175 213
240 177 215
240 179 216
241 181 217
241 182 218
241 183 219
242 184 219
242 186 220
242 187 220
243 188 221
243 189 222
243 190 222
244 191 223
244 193 223
244 194 224
245 195 224
245 196 225
245 197 226
246 198 226
246 199 227
246 201 227
247 202 228
247 203 228
247 204 229
248 205 230
248 206 230
248 208 231
249 209 231
249 210 232
249 211 232
250 212 233
250 213 234
250 214 234
251 216 235
251 217 235
251 218 236
252 219 237
252 220 237
252 221 238
253 223 238
253 224 239
253 224 238
252 225 238
251 226 237
251 226 236
250 227 235
249 227 234
249 228 233
248 228 232
247 229 232
247 230 231
246 230 230
246 231 229
245 231 228
244 232 227
244 232 226
243 233 226
242 234 225
242 234 224
241 235 223
241 235 222
240 236 221
239 237 221
239 237 220
238 238 219
237 238 218
237 239 217
236 239 216
236 240 215
235 241 215
234 241 214
234 242 213
233 242 212
232 243 211
232 243 210
231 244 209
230 245 209
230 245 207
228 244 205
227 244 203
226 243 201
225 243 199
223 242 197
222 242 195
221 241 193
220 240 191
218 240 189
217 239 187
216 239 185
214 238 183
213 238 181
212 237 179
211 237 177
209 236 175
208 236 173
207 235 171
206 234 169
204 234 167
203 233 165
202 233 163
201 232 161
199 232 159
198 231 157
197 231 155
196 230 153
194 229 151
193 229 149
192 228 146
190 228 144
189 227 142
188 227 140
187 226 138
185 226 136
184 225 134
183 224 132
181 223 130
180 222 129
178 221 127
176 220 125
175 219 123
173 218 121
172 217 119
170 216 117
169 215 115
167 214 113
165 213 112
164 212 110
162 211 108
161 210 106
159 209 104
158 208 102
156 207 100
154 206 098
153 205 096
151 204 094
150 203 093
148 202 091
147 201 089
145 200 087
144 199 085
142 198 083
140 197 081
139 196 079
137 195 077
136 194 076
134 193 074
133 192 072
131 191 070
129 190 068
128 189 066
126 188 065
125 186 064
124 185 063
122 184 062
121 183 061
120 182 060
118 181 059
117 179 058
115 178 058
114 177 057
113 176 056
111 175 055
110 174 054
109 173 053
107 171 052
106 170 051
104 169 051
103 168 050
102 167 049
100 166 048
099 164 047
098 163 046
096 162 045
095 161 044
093 160 044
092 159 043
091 158 042
089 156 041
088 155 040
087 154 039
085 153 038
084 152 037
082 151 037
081 149 036
080 148 035
078 147 034
077 146 033
