# Really cold
000 128 000
000 126 001
000 125 002
000 123 003
000 122 004
000 120 005
000 119 006
000 117 007
000 116 008
000 114 009
000 113 010
000 111 011
000 110 012
000 108 013
000 107 014
000 105 015
000 104 016
000 102 017
000 101 018
000 099 019
000 098 020
000 096 021
000 095 022
000 093 023
000 092 024
000 090 025
000 089 026
000 087 027
000 086 028
000 084 029
000 083 030
000 081 031
000 080 032
000 078 033
000 077 034
000 075 035
000 074 036
000 072 037
000 071 038
000 069 039
000 068 040
000 066 041
000 065 042
000 063 043
000 062 044
000 060 045
000 059 046
000 057 047
000 056 048
000 054 049
000 053 050
000 051 051
000 049 052
000 048 053
000 047 054
000 045 055
000 044 056
000 042 057
000 041 058
000 039 059
000 038 060
000 036 061
000 035 062
000 033 063
000 032 064
000 030 065
000 028 066
000 027 067
000 025 068
000 024 069
000 022 070
000 021 071
000 020 072
000 018 073
000 016 074
000 015 075
000 014 076
000 012 077
000 010 078
000 009 079
000 008 080
000 006 081
000 004 082
000 003 083
000 001 084
000 000 085
000 001 086
000 003 087
000 004 088
000 006 089
000 008 090
000 009 091
000 010 092
000 012 093
000 014 094
000 015 095
000 016 096
000 018 097
000 020 098
000 021 099
000 023 100
000 024 101
000 026 102
000 027 103
000 029 104
000 030 105
000 032 106
000 033 107
000 034 108
000 036 109
000 038 110
000 039 111
000 041 112
000 042 113
000 044 114
000 045 115
000 047 116
000 048 117
000 049 118
000 051 119
000 052 120
000 054 121
000 056 122
000 057 123
000 058 124
000 060 125
000 062 126
000 063 127
000 065 128
000 066 129
000 067 130
000 069 131
000 071 132
000 072 133
000 074 134
000 075 135
000 077 136
000 078 137
000 080 138
000 081 139
000 083 140
000 084 141
000 086 142
000 087 143
000 089 144
000 090 145
000 091 146
000 093 147
000 095 148
000 096 149
000 098 150
000 099 151
000 100 152
000 102 153
000 103 154
000 105 155
000 107 156
000 108 157
000 110 158
000 111 159
000 113 160
000 114 161
000 115 162
000 117 163
000 119 164
000 120 165
000 122 166
000 123 167
000 125 168
000 126 169
000 128 170
003 129 171
006 131 172
009 132 173
012 133 174
015 135 175
018 136 176
021 138 177
024 139 178
027 141 179
030 143 180
033 144 181
036 146 182
039 147 183
042 148 184
045 150 185
048 151 186
051 153 187
054 155 188
057 156 189
060 158 190
063 159 191
066 161 192
069 162 193
072 163 194
075 165 195
078 167 196
081 168 197
084 170 198
087 171 199
090 173 200
093 174 201
096 176 202
099 177 203
102 179 204
105 180 205
108 182 206
111 183 207
114 185 208
117 186 209
120 188 210
123 189 211
126 191 212
129 192 213
132 194 214
135 195 215
138 196 216
141 198 217
144 199 218
147 201 219
150 203 220
153 204 221
156 206 222
159 207 223
162 209 224
165 210 225
168 211 226
171 213 227
174 215 228
177 216 229
180 218 230
183 219 231
186 221 232
189 222 233
192 224 234
195 225 235
198 227 236
201 228 237
204 229 238
207 231 239
210 232 240
213 234 241
216 235 242
219 237 243
222 239 244
225 240 245
228 242 246
231 243 247
234 244 248
237 246 249
240 247 250
243 249 251
246 251 252
249 252 253
252 254 254
255 255 255
