# Stacked white
255 000 000
255 005 005
255 010 010
255 015 015
255 020 020
255 025 025
255 030 030
255 035 035
255 040 040
255 045 045
255 050 050
255 055 055
255 060 060
255 065 065
255 070 070
255 075 075
255 080 080
255 085 085
255 090 090
255 095 095
255 100 100
255 105 105
255 110 110
255 115 115
255 120 120
255 125 125
255 130 130
255 135 135
255 140 140
255 145 145
255 150 150
255 155 155
255 160 160
255 165 165
255 170 170
255 175 175
255 180 180
255 185 185
255 190 190
255 195 195
255 200 200
255 205 205
255 210 210
255 215 215
255 220 220
255 225 225
255 230 230
255 235 235
255 240 240
255 245 245
255 250 250
255 255 255
005 255 005
010 255 010
015 255 015
020 255 020
025 255 025
030 255 030
035 255 035
040 255 040
045 255 045
050 255 050
055 255 055
060 255 060
065 255 065
070 255 070
075 255 075
080 255 080
085 255 085
090 255 090
095 255 095
100 255 100
105 255 105
110 255 110
115 255 115
120 255 120
125 255 125
130 255 130
135 255 135
140 255 140
145 255 145
150 255 150
155 255 155
160 255 160
165 255 165
170 255 170
175 255 175
180 255 180
185 255 185
190 255 190
195 255 195
200 255 200
205 255 205
210 255 210
215 255 215
220 255 220
225 255 225
230 255 230
235 255 235
240 255 240
245 255 245
250 255 250
255 255 255
255 255 005
255 255 010
255 255 015
255 255 020
255 255 025
255 255 030
255 255 035
255 255 040
255 255 045
255 255 050
255 255 055
255 255 060
255 255 065
255 255 070
255 255 075
255 255 080
255 255 085
255 255 090
255 255 095
255 255 100
255 255 105
255 255 110
255 255 115
255 255 120
255 255 125
255 255 130
255 255 135
255 255 140
255 255 145
255 255 150
255 255 155
255 255 160
255 255 165
255 255 170
255 255 175
255 255 180
255 255 185
255 255 190
255 255 195
255 255 200
255 255 205
255 255 210
255 255 215
255 255 220
255 255 225
255 255 230
255 255 235
255 255 240
255 255 245
255 255 250
255 255 255
005 005 255
010 010 255
015 015 255
020 020 255
025 025 255
030 030 255
035 035 255
040 040 255
045 045 255
050 050 255
055 055 255
060 060 255
065 065 255
070 070 255
075 075 255
080 080 255
085 085 255
090 090 255
095 095 255
100 100 255
105 105 255
110 110 255
115 115 255
120 120 255
125 125 255
130 130 255
135 135 255
140 140 255
145 145 255
150 150 255
155 155 255
160 160 255
165 165 255
170 170 255
175 175 255
180 180 255
185 185 255
190 190 255
195 195 255
200 200 255
205 205 255
210 210 255
215 215 255
220 220 255
225 225 255
230 230 255
235 235 255
240 240 255
245 245 255
250 250 255
255 255 255
255 005 255
255 010 255
255 015 255
255 020 255
255 025 255
255 030 255
255 035 255
255 040 255
255 045 255
255 050 255
255 055 255
255 060 255
255 065 255
255 070 255
255 075 255
255 080 255
255 085 255
255 090 255
255 095 255
255 100 255
255 105 255
255 110 255
255 115 255
255 120 255
255 125 255
255 130 255
255 135 255
255 140 255
255 145 255
255 150 255
255 155 255
255 160 255
255 165 255
255 170 255
255 175 255
255 180 255
255 185 255
255 190 255
255 195 255
255 200 255
255 205 255
255 210 255
255 215 255
255 220 255
255 225 255
255 230 255
255 235 255
255 240 255
255 245 255
255 250 255
255 255 255
