# Colorblind
255 000 255
253 003 255
251 006 255
249 009 255
247 012 255
245 015 255
243 018 255
241 021 255
239 024 255
237 027 255
235 030 255
233 033 254
231 036 254
229 039 254
227 042 254
225 045 254
223 048 254
221 051 254
219 054 253
217 057 253
215 060 253
213 063 253
211 066 253
209 069 252
207 072 252
205 075 252
203 078 252
201 081 251
199 084 251
197 087 251
195 090 251
193 093 250
191 096 250
189 099 250
187 102 249
185 105 249
183 108 249
181 111 248
179 114 248
177 117 248
175 120 247
173 123 247
171 126 247
169 129 246
167 132 246
165 135 245
163 138 245
161 141 244
159 144 244
157 147 243
155 150 243
153 153 243
151 156 242
149 159 242
147 162 241
145 165 241
143 168 240
141 171 239
139 174 239
137 177 238
135 180 238
133 183 237
131 186 237
129 189 236
127 192 235
125 195 235
123 198 234
121 201 234
119 204 233
117 207 232
115 210 232
113 213 231
111 216 230
109 219 230
107 222 229
105 225 228
103 228 228
101 231 227
099 234 226
097 237 225
095 240 225
093 243 224
091 246 223
089 249 222
087 252 222
085 255 221
083 255 220
081 255 219
079 255 218
077 255 218
075 255 217
073 255 216
071 255 215
069 255 214
067 255 213
065 255 213
063 255 212
061 255 211
059 255 210
057 255 209
055 255 208
053 255 207
051 255 206
049 255 205
047 255 204
045 255 203
043 255 203
041 255 202
039 255 201
037 255 200
035 255 199
033 255 198
031 255 197
029 255 196
027 255 195
025 255 194
023 255 193
021 255 192
019 255 191
017 255 190
015 255 188
013 255 187
011 255 186
009 255 185
007 255 184
005 255 183
003 255 182
001 255 181
000 255 180
000 255 179
000 255 178
000 255 176
000 255 175
000 255 174
000 255 173
000 255 172
000 255 171
000 255 169
000 255 168
000 255 167
000 255 166
000 255 165
000 255 164
000 255 162
000 255 161
000 255 160
000 255 159
000 255 157
000 255 156
000 255 155
000 255 154
000 255 152
000 255 151
000 255 150
000 255 149
000 255 147
000 255 146
000 255 145
000 255 143
000 255 142
000 255 141
000 255 140
000 255 138
000 255 137
000 255 136
000 255 134
000 255 133
000 255 132
000 255 130
000 255 129
000 255 128
000 255 126
000 255 125
000 255 123
000 255 122
000 255 121
000 255 119
000 255 118
000 255 116
000 255 115
000 255 114
000 255 112
000 255 111
000 255 109
000 255 108
000 255 107
000 255 105
000 255 104
000 255 102
000 255 101
000 255 099
000 255 098
000 255 096
000 255 095
000 255 094
000 255 092
000 255 091
000 255 089
000 255 088
000 255 086
000 255 085
000 255 083
000 255 082
000 255 080
000 255 079
000 255 077
000 255 076
000 255 074
000 255 073
000 255 071
000 255 070
000 255 068
000 255 067
000 255 065
000 255 064
000 255 062
000 255 061
000 255 059
000 255 058
000 255 056
000 255 055
000 255 053
000 255 051
000 255 050
000 255 048
000 255 047
000 255 045
000 255 044
000 255 042
000 255 041
000 255 039
000 255 038
000 255 036
000 255 034
000 255 033
000 255 031
000 255 030
000 255 028
000 255 027
000 255 025
000 255 024
000 255 022
000 255 020
000 255 019
000 255 017
000 255 016
000 255 014
000 255 013
000 255 011
000 255 009
000 255 008
000 255 006
000 255 005
000 255 003
000 255 002
000 255 000
