# Sunset
000 000 000
003 000 001
006 000 002
009 000 003
013 000 004
016 000 005
019 000 006
022 000 007
025 000 008
028 000 009
031 000 010
034 000 011
038 000 012
041 000 013
044 000 014
047 000 015
050 000 016
053 000 017
056 000 018
059 000 019
062 000 020
065 000 021
068 000 022
071 000 023
074 000 024
077 000 025
080 000 026
083 000 027
086 000 028
089 000 029
092 000 030
095 000 031
098 000 032
101 000 033
104 000 034
107 000 035
109 000 036
112 000 037
115 000 038
118 000 039
121 000 040
123 000 041
126 000 042
129 000 043
132 000 044
134 000 045
137 000 046
140 000 047
142 000 048
145 000 049
147 000 050
150 000 051
152 000 052
155 000 053
157 000 054
160 000 055
162 000 056
165 000 057
167 000 058
169 000 059
172 000 060
174 000 061
176 000 062
179 000 063
181 001 064
183 004 065
185 007 066
187 010 067
190 013 068
192 016 069
194 020 070
196 023 071
198 026 072
200 029 073
202 032 074
203 035 075
205 038 076
207 041 077
209 045 078
211 048 079
213 051 080
214 054 081
216 057 082
218 060 083
219 063 084
221 066 085
222 070 086
224 073 087
225 076 088
227 079 089
228 082 090
230 085 091
231 088 092
232 091 093
234 095 094
235 098 095
236 101 096
237 104 097
238 107 098
239 110 099
241 113 100
242 116 101
243 120 102
243 123 103
244 126 104
245 129 105
246 132 106
247 135 107
248 138 108
248 141 109
249 145 110
250 148 111
250 151 112
251 154 113
251 157 114
252 160 115
252 163 116
253 166 117
253 170 118
254 173 119
254 176 120
254 179 121
254 182 122
255 185 123
255 188 124
255 191 125
255 195 126
255 198 127
255 201 128
255 204 129
255 207 130
255 210 131
255 213 132
254 216 133
254 220 134
254 223 135
254 226 136
253 229 137
253 232 138
252 235 139
252 238 140
251 241 141
251 245 142
250 248 143
250 251 144
249 254 145
248 255 146
248 255 147
247 255 148
246 255 149
245 255 150
244 255 151
243 255 152
243 255 153
242 255 154
241 255 155
239 255 156
238 255 157
237 255 158
236 255 159
235 255 160
234 255 161
232 255 162
231 255 163
230 255 164
228 255 165
227 255 166
225 255 167
224 255 168
222 255 169
221 255 170
219 255 171
218 255 172
216 255 173
214 255 174
213 255 175
211 255 176
209 255 177
207 255 178
205 255 179
203 255 180
202 255 181
200 255 182
198 255 183
196 255 184
194 255 185
192 255 186
190 255 187
187 255 188
185 255 189
183 255 190
181 255 191
179 255 192
176 255 193
174 255 194
172 255 195
169 255 196
167 255 197
165 255 198
162 255 199
160 255 200
157 255 201
155 255 202
152 255 203
150 255 204
147 255 205
145 255 206
142 255 207
140 255 208
137 255 209
134 255 210
132 255 211
129 255 212
126 255 213
123 255 214
121 255 215
118 255 216
115 255 217
112 255 218
109 255 219
107 255 220
104 255 221
101 255 222
098 255 223
095 255 224
092 255 225
089 255 226
086 255 227
083 255 228
080 255 229
077 255 230
074 255 231
071 255 232
068 255 233
065 255 234
062 255 235
059 255 236
056 255 237
053 255 238
050 255 239
047 255 240
044 255 241
041 255 242
038 255 243
034 255 244
031 255 245
028 255 246
025 255 247
022 255 248
019 255 249
016 255 250
013 255 251
009 255 252
006 255 253
003 255 254
000 255 255
