# Blues
247 251 255
246 251 255
246 250 255
245 250 254
244 249 254
244 249 254
243 248 254
242 248 253
242 247 253
241 247 253
240 247 253
239 246 253
239 246 252
238 245 252
237 245 252
237 244 252
236 244 251
235 244 251
235 243 251
234 243 251
233 242 251
233 242 250
232 241 250
231 241 250
231 240 250
230 240 250
229 240 249
228 239 249
228 239 249
227 238 249
226 238 248
226 237 248
225 237 248
224 237 248
224 236 248
223 236 247
222 235 247
222 235 247
221 234 247
220 234 246
220 233 246
219 233 246
218 233 246
218 232 246
217 232 245
216 231 245
216 231 245
215 230 245
214 230 244
214 229 244
213 229 244
212 229 244
212 228 244
211 228 243
210 227 243
210 227 243
209 226 243
208 226 242
208 226 242
207 225 242
206 225 242
206 224 242
205 224 241
204 223 241
204 223 241
203 222 241
203 222 241
202 222 240
201 221 240
201 221 240
200 220 240
199 220 239
199 219 239
198 219 239
197 218 239
196 218 238
195 218 238
193 217 237
192 217 237
191 216 237
190 216 236
189 215 236
188 215 235
187 214 235
186 214 235
185 213 234
184 213 234
182 212 234
181 212 233
180 211 233
179 211 232
178 211 232
177 210 232
176 210 231
175 209 231
174 209 230
173 208 230
171 208 230
170 207 229
169 207 229
168 206 229
167 206 228
166 205 228
165 205 227
164 204 227
163 204 227
162 204 226
161 203 226
159 203 225
158 202 225
157 201 225
156 201 224
154 200 224
153 199 224
151 198 224
150 198 223
149 197 223
147 196 223
146 195 222
144 195 222
143 194 222
142 193 221
140 192 221
139 191 221
137 191 221
136 190 220
135 189 220
133 188 220
132 188 219
130 187 219
129 186 219
128 185 218
126 185 218
125 184 218
123 183 218
122 182 217
121 181 217
119 181 217
118 180 216
116 179 216
115 178 216
114 178 215
112 177 215
111 176 215
109 175 215
108 175 214
107 174 214
106 173 213
104 172 213
103 171 213
102 171 212
101 170 212
100 169 211
099 168 211
098 168 210
097 167 210
095 166 209
094 165 209
093 165 209
092 164 208
091 163 208
090 162 207
089 161 207
088 161 206
086 160 206
085 159 206
084 158 205
083 158 205
082 157 204
081 156 204
080 155 203
079 155 203
077 154 202
076 153 202
075 152 202
074 151 201
073 151 201
072 150 200
071 149 200
070 148 199
068 148 199
067 147 199
066 146 198
065 145 198
064 144 197
063 143 197
063 143 196
062 142 196
061 141 195
060 140 195
059 139 194
058 138 194
057 137 193
056 136 193
055 135 192
054 134 192
053 133 192
053 133 191
052 132 191
051 131 190
050 130 190
049 129 189
048 128 189
047 127 188
046 126 188
045 125 187
044 124 187
043 123 186
043 123 186
042 122 185
041 121 185
040 120 185
039 119 184
038 118 184
037 117 183
036 116 183
035 115 182
034 114 182
034 114 181
033 112 181
032 111 180
031 110 179
031 109 178
030 108 177
029 106 176
029 105 175
028 104 174
027 103 173
027 102 172
026 100 172
025 099 171
024 098 170
024 097 169
023 096 168
022 094 167
022 093 166
021 092 165
020 091 164
020 090 163
019 088 162
018 087 162
018 086 161
017 085 160
016 083 159
016 082 158
015 081 157
014 080 156
013 079 155
013 077 154
012 076 153
011 075 153
011 074 152
010 073 151
009 071 150
009 070 149
008 069 148
