# Pastel1
251 180 174
249 181 175
247 181 177
245 182 178
243 183 180
241 183 181
239 184 183
237 185 184
235 185 186
233 186 187
231 187 189
229 188 190
227 188 191
225 189 193
223 190 194
221 190 196
219 191 197
217 192 199
215 192 200
213 193 202
211 194 203
209 194 205
208 195 206
206 196 207
204 196 209
202 197 210
200 198 212
198 199 213
196 199 215
194 200 216
192 201 218
190 201 219
188 202 221
186 203 222
184 203 223
182 204 225
180 205 226
179 205 227
180 206 226
181 207 225
181 208 224
182 209 223
183 210 222
184 210 222
184 211 221
185 212 220
186 213 219
186 214 218
187 215 217
188 215 217
188 216 216
189 217 215
190 218 214
190 219 213
191 219 213
192 220 212
192 221 211
193 222 210
194 223 209
194 224 208
195 224 208
196 225 207
197 226 206
197 227 205
198 228 204
199 229 203
199 229 203
200 230 202
201 231 201
201 232 200
202 233 199
203 233 199
203 234 198
204 235 197
205 234 198
205 233 199
206 232 200
206 231 201
207 230 201
207 230 202
208 229 203
208 228 204
209 227 205
209 226 206
210 225 206
210 224 207
210 223 208
211 223 209
211 222 210
212 221 211
212 220 212
213 219 212
213 218 213
214 217 214
214 216 215
215 216 216
215 215 217
216 214 218
216 213 218
217 212 219
217 211 220
218 210 221
218 209 222
219 209 223
219 208 224
220 207 224
220 206 225
221 205 226
221 204 227
222 203 228
223 203 227
224 204 225
224 204 223
225 204 222
226 205 220
227 205 218
228 206 217
229 206 215
230 206 213
231 207 211
231 207 210
232 208 208
233 208 206
234 208 205
235 209 203
236 209 201
237 209 200
238 210 198
238 210 196
239 211 194
240 211 193
241 211 191
242 212 189
243 212 188
244 212 186
245 213 184
245 213 183
246 214 181
247 214 179
248 214 177
249 215 176
250 215 174
251 216 172
252 216 171
252 216 169
253 217 167
254 217 166
254 218 167
254 219 168
254 220 169
254 221 170
254 223 172
254 224 173
254 225 174
254 226 175
254 227 176
254 228 177
254 229 178
254 230 179
254 231 180
254 232 181
254 233 182
254 234 183
254 235 184
255 236 185
255 237 186
255 238 187
255 239 188
255 240 189
255 241 190
255 242 191
255 243 192
255 244 193
255 245 194
255 247 196
255 248 197
255 249 198
255 250 199
255 251 200
255 252 201
255 253 202
255 254 203
255 255 204
254 254 204
254 253 203
253 252 203
252 251 202
252 250 202
251 249 202
250 248 201
249 247 201
249 246 200
248 244 200
247 243 200
247 242 199
246 241 199
245 240 198
244 239 198
244 238 197
243 237 197
242 236 197
242 235 196
241 234 196
240 233 195
239 232 195
239 231 195
238 229 194
237 228 194
237 227 193
236 226 193
235 225 193
234 224 192
234 223 192
233 222 191
232 221 191
232 220 190
231 219 190
230 218 190
229 217 189
229 216 190
230 216 191
231 216 192
231 216 193
232 216 195
233 216 196
233 216 197
234 216 199
235 216 200
235 217 201
236 217 202
237 217 204
237 217 205
238 217 206
239 217 208
239 217 209
240 217 210
240 217 211
241 217 213
242 217 214
242 217 215
243 217 217
244 217 218
244 217 219
245 217 221
246 217 222
246 217 223
247 218 224
248 218 226
248 218 227
249 218 228
250 218 230
250 218 231
251 218 232
252 218 233
252 218 235
253 218 236
