# YlGn
255 255 229
255 255 228
255 255 227
254 255 225
254 255 224
254 255 223
254 255 222
253 254 221
253 254 219
253 254 218
253 254 217
253 254 216
252 254 215
252 254 213
252 254 212
252 254 211
251 254 210
251 254 208
251 254 207
251 253 206
251 253 205
250 253 204
250 253 202
250 253 201
250 253 200
250 253 199
249 253 198
249 253 196
249 253 195
249 253 194
248 253 193
248 252 192
248 252 190
248 252 189
248 252 188
247 252 187
247 252 186
247 252 185
246 251 184
245 251 183
244 251 183
243 250 182
242 250 182
242 250 181
241 250 180
240 249 180
239 249 179
238 249 179
237 248 178
237 248 177
236 248 177
235 247 176
234 247 176
233 247 175
233 246 174
232 246 174
231 246 173
230 245 173
229 245 172
228 245 171
228 244 171
227 244 170
226 244 170
225 243 169
224 243 168
223 243 168
223 242 167
222 242 167
221 242 166
220 241 165
219 241 165
219 241 164
218 240 164
217 240 163
216 239 162
214 239 162
213 238 161
212 238 161
211 237 160
210 237 159
208 236 159
207 236 158
206 235 158
205 235 157
204 234 157
202 234 156
201 233 155
200 233 155
199 232 154
198 232 154
196 231 153
195 231 153
194 230 152
193 229 151
191 229 151
190 228 150
189 228 150
188 227 149
187 227 149
185 226 148
184 226 147
183 225 147
182 225 146
181 224 146
179 224 145
178 223 144
177 223 144
176 222 143
175 222 143
173 221 142
172 221 142
171 220 141
169 219 140
168 219 140
166 218 139
165 217 139
163 217 138
162 216 138
160 215 137
159 215 136
157 214 136
156 214 135
155 213 135
153 212 134
152 212 134
150 211 133
149 210 132
147 210 132
146 209 131
144 209 131
143 208 130
141 207 129
140 207 129
138 206 128
137 205 128
136 205 127
134 204 127
133 204 126
131 203 125
130 202 125
128 202 124
127 201 124
125 200 123
124 200 123
122 199 122
121 198 121
120 198 121
118 197 120
117 196 119
115 196 118
114 195 118
112 194 117
111 193 116
109 193 115
107 192 115
106 191 114
104 190 113
103 190 112
101 189 112
100 188 111
098 187 110
097 187 109
095 186 108
094 185 108
092 184 107
091 184 106
089 183 105
088 182 105
086 181 104
085 181 103
083 180 102
082 179 102
080 179 101
079 178 100
077 177 099
076 176 098
074 176 098
073 175 097
071 174 096
070 173 095
068 173 095
067 172 094
065 171 093
064 170 092
063 169 092
063 168 091
062 167 090
061 166 090
060 165 089
059 164 088
059 163 087
058 162 087
057 160 086
056 159 085
055 158 085
054 157 084
054 156 083
053 155 082
052 154 082
051 153 081
050 152 080
049 151 080
049 150 079
048 149 078
047 148 077
046 147 077
045 145 076
045 144 075
044 143 075
043 142 074
042 141 073
041 140 072
040 139 072
040 138 071
039 137 070
038 136 070
037 135 069
036 134 068
035 133 067
035 132 067
034 130 066
033 129 066
032 128 065
031 127 065
030 126 064
029 125 064
028 123 064
027 122 063
026 121 063
025 120 062
024 119 062
023 118 061
022 117 061
021 115 060
020 114 060
019 113 059
018 112 059
017 111 058
016 110 058
015 108 057
014 107 057
013 106 057
012 105 056
012 104 056
011 103 055
010 102 055
009 100 054
008 099 054
007 098 053
006 097 053
005 096 052
004 095 052
003 093 051
002 092 051
001 091 050
000 090 050
