# Oranges
255 245 235
255 245 234
255 244 233
255 244 233
255 243 232
255 243 231
255 243 230
255 242 229
255 242 229
255 241 228
255 241 227
255 240 226
255 240 225
255 240 225
255 239 224
255 239 223
255 238 222
255 238 221
255 238 221
254 237 220
254 237 219
254 236 218
254 236 217
254 236 217
254 235 216
254 235 215
254 234 214
254 234 214
254 233 213
254 233 212
254 233 211
254 232 210
254 232 210
254 231 209
254 231 208
254 231 207
254 230 206
254 230 205
254 229 204
254 228 203
254 228 202
254 227 200
254 227 199
254 226 198
254 225 197
254 225 196
254 224 194
254 224 193
254 223 192
254 222 191
254 222 190
254 221 188
254 221 187
254 220 186
254 219 185
253 219 184
253 218 182
253 218 181
253 217 180
253 216 179
253 216 178
253 215 176
253 215 175
253 214 174
253 213 173
253 213 171
253 212 170
253 212 169
253 211 168
253 210 167
253 210 165
253 209 164
253 209 163
253 208 162
253 207 160
253 206 159
253 205 157
253 204 156
253 203 154
253 202 153
253 201 151
253 200 150
253 199 148
253 199 147
253 198 145
253 197 144
253 196 142
253 195 141
253 194 139
253 193 138
253 192 136
253 191 135
253 190 133
253 189 132
253 188 130
253 187 129
253 186 127
253 185 126
253 185 124
253 184 123
253 183 121
253 182 120
253 181 118
253 180 116
253 179 115
253 178 113
253 177 112
253 176 110
253 175 109
253 174 107
253 173 106
253 172 105
253 172 103
253 171 102
253 170 101
253 169 100
253 168 098
253 167 097
253 166 096
253 165 094
253 164 093
253 163 092
253 162 091
253 162 089
253 161 088
253 160 087
253 159 085
253 158 084
253 157 083
253 156 082
253 155 080
253 154 079
253 153 078
253 153 076
253 152 075
253 151 074
253 150 073
253 149 071
253 148 070
253 147 069
253 146 067
253 145 066
253 144 065
253 143 064
253 143 062
253 142 061
253 141 060
253 140 059
252 139 057
252 138 056
252 137 055
251 136 054
251 135 053
251 134 052
250 133 051
250 132 050
250 131 048
249 130 047
249 129 046
249 128 045
248 127 044
248 126 043
248 125 042
247 124 041
247 123 039
247 122 038
246 121 037
246 120 036
246 119 035
245 118 034
245 117 033
245 116 032
244 115 030
244 114 029
244 113 028
243 112 027
243 111 026
243 110 025
242 109 024
242 108 023
242 107 021
241 106 020
241 105 019
240 104 019
240 103 018
239 102 018
238 102 017
238 101 017
237 100 016
236 099 016
236 098 015
235 097 015
235 096 014
234 095 014
233 094 013
233 093 013
232 092 012
231 092 012
231 091 011
230 090 011
229 089 010
229 088 010
228 087 009
227 086 009
227 085 008
226 084 008
225 083 007
225 082 007
224 082 006
223 081 006
223 080 005
222 079 005
221 078 004
221 077 004
220 076 003
219 075 003
219 074 002
218 073 002
217 073 001
216 072 001
214 071 001
212 070 001
210 069 001
208 069 001
206 068 001
203 067 002
201 066 002
199 066 002
197 065 002
195 064 002
193 064 002
191 063 002
189 062 002
187 061 002
184 061 002
182 060 002
180 059 002
178 058 003
176 058 003
174 057 003
172 056 003
170 055 003
167 055 003
165 054 003
163 053 003
161 052 003
159 052 003
157 051 003
155 050 003
153 049 004
151 049 004
148 048 004
146 047 004
144 046 004
142 046 004
140 045 004
