# Romania
255 000 000
255 003 000
255 006 000
255 009 000
255 013 000
255 016 000
255 019 000
255 022 000
255 025 000
255 028 000
255 031 000
255 034 000
255 038 000
255 041 000
255 044 000
255 047 000
255 050 000
255 053 000
255 056 000
255 059 000
255 062 000
255 065 000
255 068 000
255 071 000
255 074 000
255 077 000
255 080 000
255 083 000
255 086 000
255 089 000
255 092 000
255 095 000
255 098 000
255 101 000
255 104 000
255 107 000
255 109 000
255 112 000
255 115 000
255 118 000
255 121 000
255 123 000
255 126 000
255 129 000
255 132 000
255 134 000
255 137 000
255 140 000
255 142 000
255 145 000
255 147 000
255 150 000
255 152 000
255 155 000
255 157 000
255 160 000
255 162 000
255 165 000
255 167 000
255 169 000
255 172 000
255 174 000
255 176 000
255 179 000
255 181 001
255 183 004
255 185 007
255 187 010
255 190 013
255 192 016
255 194 020
255 196 023
255 198 026
255 200 029
255 202 032
255 203 035
255 205 038
255 207 041
255 209 045
255 211 048
255 213 051
255 214 054
255 216 057
255 218 060
255 219 063
255 221 066
255 222 070
255 224 073
255 225 076
255 227 079
255 228 082
255 230 085
255 231 088
255 232 091
255 234 095
255 235 098
255 236 101
255 237 104
255 238 107
255 239 110
255 241 113
255 242 116
255 243 120
255 243 123
255 244 126
255 245 129
255 246 132
255 247 135
255 248 138
255 248 141
255 249 145
255 250 148
255 250 151
255 251 154
255 251 157
255 252 160
255 252 163
255 253 166
255 253 170
255 254 173
255 254 176
255 254 179
255 254 182
255 255 185
255 255 188
255 255 191
255 255 195
255 255 198
254 255 201
252 255 204
250 255 207
248 255 210
246 255 213
244 254 216
242 254 220
240 254 223
238 254 226
236 253 229
234 253 232
232 252 235
230 252 238
228 251 241
226 251 245
224 250 248
222 250 251
220 249 254
218 248 255
216 248 255
214 247 255
212 246 255
210 245 255
208 244 255
206 243 255
204 243 255
202 242 255
200 241 255
198 239 255
196 238 255
194 237 255
192 236 255
190 235 255
188 234 255
186 232 255
184 231 255
182 230 255
180 228 255
178 227 255
176 225 255
174 224 255
172 222 255
170 221 255
168 219 255
166 218 255
164 216 255
162 214 255
160 213 255
158 211 255
156 209 255
154 207 255
152 205 255
150 203 255
148 202 255
146 200 255
144 198 255
142 196 255
140 194 255
138 192 255
136 190 255
134 187 255
132 185 255
130 183 255
128 181 255
126 179 255
124 176 255
122 174 255
120 172 255
118 169 255
116 167 255
114 165 255
112 162 255
110 160 255
108 157 255
106 155 255
104 152 255
102 150 255
100 147 255
098 145 255
096 142 255
094 140 255
092 137 255
090 134 255
088 132 255
086 129 255
084 126 255
082 123 255
080 121 255
078 118 255
076 115 255
074 112 255
072 109 255
070 107 255
068 104 255
066 101 255
064 098 255
062 095 255
060 092 255
058 089 255
056 086 255
054 083 255
052 080 255
050 077 255
048 074 255
046 071 255
044 068 255
042 065 255
040 062 255
038 059 255
036 056 255
034 053 255
032 050 255
030 047 255
028 044 255
026 041 255
024 038 255
022 034 255
020 031 255
018 028 255
016 025 255
014 022 255
012 019 255
010 016 255
008 013 255
006 009 255
004 006 255
002 003 255
000 000 255
