# RdYlBu
215 048 039
216 050 040
217 051 041
217 053 041
218 055 042
219 056 043
220 058 044
221 060 044
221 061 045
222 063 046
223 065 047
224 066 047
225 068 048
225 070 049
226 071 050
227 073 051
228 075 051
229 076 052
229 078 053
230 080 054
231 081 054
232 083 055
233 085 056
233 087 057
234 088 057
235 090 058
236 092 059
236 093 060
237 095 061
238 097 061
239 098 062
240 100 063
240 102 064
241 103 064
242 105 065
243 107 066
244 108 067
244 110 067
244 112 068
245 114 069
245 115 070
245 117 071
245 119 072
246 121 072
246 123 073
246 124 074
246 126 075
247 128 076
247 130 077
247 131 077
247 133 078
248 135 079
248 137 080
248 139 081
248 140 081
249 142 082
249 144 083
249 146 084
249 147 085
250 149 086
250 151 086
250 153 087
250 155 088
251 156 089
251 158 090
251 160 091
251 162 091
252 164 092
252 165 093
252 167 094
252 169 095
253 171 095
253 172 096
253 174 097
253 176 098
253 177 100
253 178 101
253 180 102
253 181 104
253 182 105
253 184 106
253 185 108
253 187 109
253 188 110
253 189 111
253 191 113
253 192 114
253 193 115
253 195 117
253 196 118
253 198 119
253 199 120
254 200 122
254 202 123
254 203 124
254 204 126
254 206 127
254 207 128
254 209 129
254 210 131
254 211 132
254 213 133
254 214 135
254 215 136
254 217 137
254 218 138
254 219 140
254 221 141
254 222 142
254 224 144
253 224 146
253 225 149
252 225 152
251 226 155
250 226 157
249 227 160
248 228 163
248 228 166
247 229 169
246 229 172
245 230 175
244 230 177
244 231 180
243 231 183
242 232 186
241 232 189
240 233 192
239 233 195
239 234 197
238 234 200
237 235 203
236 235 206
235 236 209
234 236 212
234 237 215
233 237 217
232 238 220
231 238 223
230 239 226
230 239 229
229 240 232
228 241 235
227 241 237
226 242 240
225 242 243
225 243 246
224 243 248
222 242 247
221 241 247
219 241 247
218 240 246
216 239 246
215 239 245
213 238 245
212 237 245
210 236 244
209 236 244
208 235 243
206 234 243
205 234 243
203 233 242
202 232 242
200 231 241
199 231 241
197 230 240
196 229 240
194 229 240
193 228 239
192 227 239
190 226 238
189 226 238
187 225 238
186 224 237
184 224 237
183 223 236
181 222 236
180 221 236
178 221 235
177 220 235
176 219 234
174 219 234
173 218 233
171 217 233
170 216 232
168 215 232
167 214 231
165 212 230
164 211 230
162 210 229
161 209 228
159 208 228
158 206 227
156 205 227
155 204 226
153 203 225
152 201 225
150 200 224
149 199 223
147 198 223
146 197 222
144 195 221
143 194 221
141 193 220
140 192 219
138 191 219
136 189 218
135 188 217
133 187 217
132 186 216
130 185 215
129 183 215
127 182 214
126 181 213
124 180 213
123 179 212
121 177 211
120 176 211
118 175 210
117 174 209
115 172 209
114 171 208
113 169 207
112 168 206
110 166 205
109 165 205
108 163 204
106 162 203
105 160 202
104 159 201
103 157 201
101 155 200
100 154 199
099 152 198
097 151 198
096 149 197
095 148 196
094 146 195
092 145 194
091 143 194
090 142 193
088 140 192
087 139 191
086 137 190
084 135 190
083 134 189
082 132 188
081 131 187
079 129 186
078 128 186
077 126 185
075 125 184
074 123 183
073 122 182
072 120 182
070 119 181
069 117 180
