# Accent
127 201 127
129 200 129
130 200 132
132 199 134
134 198 136
136 197 139
137 197 141
139 196 143
141 195 146
143 194 148
144 194 150
146 193 153
148 192 155
149 191 157
151 191 160
153 190 162
155 189 164
156 188 167
158 188 169
160 187 171
162 186 174
163 185 176
165 185 178
167 184 181
169 183 183
170 182 185
172 182 188
174 181 190
175 180 192
177 180 195
179 179 197
181 178 199
182 177 202
184 177 204
186 176 206
188 175 209
189 174 211
191 174 211
193 175 209
194 175 206
196 176 204
198 176 202
200 177 200
201 177 198
203 178 196
205 178 194
207 179 192
208 179 189
210 180 187
212 180 185
213 181 183
215 181 181
217 182 179
219 182 177
220 183 174
222 183 172
224 184 170
226 184 168
227 185 166
229 185 164
231 186 162
232 186 159
234 187 157
236 187 155
238 188 153
239 188 151
241 189 149
243 189 147
245 190 144
246 190 142
248 191 140
250 191 138
252 192 136
253 192 134
253 194 135
253 196 135
253 197 136
253 199 136
253 201 137
253 203 137
253 204 138
253 206 138
254 208 139
254 210 139
254 211 140
254 213 140
254 215 141
254 216 141
254 218 142
254 220 142
254 222 143
254 223 143
254 225 144
254 227 145
254 229 145
254 230 146
254 232 146
254 234 147
254 235 147
254 237 148
254 239 148
255 241 149
255 242 149
255 244 150
255 246 150
255 248 151
255 249 151
255 251 152
255 253 152
255 255 153
251 252 153
246 248 154
240 244 155
235 240 155
229 236 156
224 232 157
218 228 157
213 224 158
207 220 159
202 216 159
196 212 160
191 208 160
186 204 161
180 200 162
175 196 162
169 192 163
164 188 164
158 184 164
153 179 165
147 175 165
142 171 166
136 167 167
131 163 167
125 159 168
120 155 169
115 151 169
109 147 170
104 143 170
098 139 171
093 135 172
087 131 172
082 127 173
076 123 174
071 119 174
065 115 175
060 111 176
057 107 176
062 104 174
068 101 173
073 098 172
078 096 170
083 093 169
088 090 168
093 087 166
098 084 165
103 081 164
108 078 162
113 075 161
118 072 159
123 069 158
128 066 157
133 064 155
138 061 154
143 058 153
148 055 151
153 052 150
158 049 149
164 046 147
169 043 146
174 040 145
179 037 143
184 034 142
189 032 141
194 029 139
199 026 138
204 023 137
209 020 135
214 017 134
219 014 133
224 011 131
229 008 130
234 005 129
239 002 127
239 004 125
238 007 122
236 009 119
235 011 116
233 014 113
232 016 110
231 019 107
229 021 105
228 024 102
227 026 099
225 029 096
224 031 093
223 033 090
221 036 087
220 038 085
219 041 082
217 043 079
216 046 076
215 048 073
213 051 070
212 053 067
211 055 065
209 058 062
208 060 059
207 063 056
205 065 053
204 068 050
203 070 047
201 073 045
200 075 042
198 077 039
197 080 036
196 082 033
194 085 030
193 087 027
192 090 025
190 091 024
188 091 026
185 092 028
183 092 030
180 092 033
178 093 035
175 093 037
173 093 039
170 094 041
168 094 043
166 094 046
163 094 048
161 095 050
158 095 052
156 095 054
153 096 056
151 096 059
148 096 061
146 097 063
144 097 065
141 097 067
139 097 069
136 098 072
134 098 074
131 098 076
129 099 078
126 099 080
124 099 082
122 100 085
119 100 087
117 100 089
114 100 091
112 101 093
109 101 095
107 101 098
104 102 100
102 102 102
