# GnBu
247 252 240
246 252 239
246 252 239
245 251 238
244 251 238
244 251 237
243 251 237
243 250 236
242 250 235
241 250 235
241 250 234
240 249 234
239 249 233
239 249 233
238 249 232
238 248 231
237 248 231
236 248 230
236 248 230
235 247 229
234 247 228
234 247 228
233 247 227
232 246 227
232 246 226
231 246 226
231 246 225
230 245 224
229 245 224
229 245 223
228 245 223
227 244 222
227 244 222
226 244 221
226 244 220
225 243 220
224 243 219
224 243 219
223 243 218
223 242 217
222 242 217
221 242 216
221 242 216
220 242 215
220 241 214
219 241 214
219 241 213
218 241 213
218 240 212
217 240 211
217 240 211
216 240 210
215 240 210
215 239 209
214 239 208
214 239 208
213 239 207
213 238 207
212 238 206
212 238 205
211 238 205
211 238 204
210 237 204
209 237 203
209 237 202
208 237 202
208 237 201
207 236 201
207 236 200
206 236 199
206 236 199
205 235 198
204 235 198
204 235 197
203 235 196
202 234 196
201 234 196
200 233 195
199 233 195
198 233 194
197 232 194
196 232 193
195 231 193
194 231 193
193 231 192
192 230 192
191 230 191
190 230 191
189 229 190
188 229 190
187 228 189
186 228 189
185 228 189
184 227 188
183 227 188
182 226 187
181 226 187
180 226 186
179 225 186
178 225 186
177 225 185
176 224 185
175 224 184
174 223 184
173 223 183
172 223 183
171 222 182
170 222 182
169 221 182
168 221 181
167 221 181
166 220 182
165 220 182
163 219 183
162 219 183
161 218 183
160 218 184
158 217 184
157 217 185
156 216 185
155 216 185
154 216 186
152 215 186
151 215 187
150 214 187
149 214 187
147 213 188
146 213 188
145 212 189
144 212 189
142 211 190
141 211 190
140 210 190
139 210 191
137 209 191
136 209 192
135 209 192
134 208 192
133 208 193
131 207 193
130 207 194
129 206 194
128 206 194
126 205 195
125 205 195
124 204 196
123 204 196
121 203 197
120 202 197
119 202 197
118 201 198
116 200 198
115 200 199
114 199 199
113 198 199
112 198 200
110 197 200
109 196 201
108 196 201
107 195 201
105 194 202
104 194 202
103 193 203
102 192 203
100 191 204
099 191 204
098 190 204
097 189 205
095 189 205
094 188 206
093 187 206
092 187 206
091 186 207
089 185 207
088 185 208
087 184 208
086 183 208
084 183 209
083 182 209
082 181 210
081 180 210
079 180 211
078 179 211
077 178 211
076 177 210
075 176 209
074 175 209
073 174 208
072 173 208
071 172 207
070 171 206
069 170 206
069 168 205
068 167 205
067 166 204
066 165 204
065 164 203
064 163 202
063 162 202
062 161 201
061 160 201
060 159 200
059 158 200
058 157 199
057 156 198
056 155 198
055 153 197
054 152 197
053 151 196
052 150 196
051 149 195
050 148 194
049 147 194
048 146 193
047 145 193
046 144 192
045 143 191
045 142 191
044 141 190
043 139 190
042 138 189
041 137 188
040 135 187
039 134 186
038 132 185
037 131 184
036 129 183
035 128 183
034 127 182
033 125 181
032 124 180
031 122 179
030 121 178
029 119 177
028 118 176
027 117 176
026 115 175
025 114 174
024 112 173
023 111 172
022 109 171
021 108 170
020 107 169
020 105 169
019 104 168
018 102 167
017 101 166
016 099 165
015 098 164
014 097 163
013 095 162
012 094 162
011 092 161
010 091 160
009 089 159
008 088 158
