# French
000 000 255
002 003 255
004 006 255
006 009 255
008 013 255
010 016 255
012 019 255
014 022 255
016 025 255
018 028 255
020 031 255
022 034 255
024 038 255
026 041 255
028 044 255
030 047 255
032 050 255
034 053 255
036 056 255
038 059 255
040 062 255
042 065 255
044 068 255
046 071 255
048 074 255
050 077 255
052 080 255
054 083 255
056 086 255
058 089 255
060 092 255
062 095 255
064 098 255
066 101 255
068 104 255
070 107 255
072 109 255
074 112 255
076 115 255
078 118 255
080 121 255
082 123 255
084 126 255
086 129 255
088 132 255
090 134 255
092 137 255
094 140 255
096 142 255
098 145 255
100 147 255
102 150 255
104 152 255
106 155 255
108 157 255
110 160 255
112 162 255
114 165 255
116 167 255
118 169 255
120 172 255
122 174 255
124 176 255
126 179 255
128 181 255
130 183 255
132 185 255
134 187 255
136 190 255
138 192 255
140 194 255
142 196 255
144 198 255
146 200 255
148 202 255
150 203 255
152 205 255
154 207 255
156 209 255
158 211 255
160 213 255
162 214 255
164 216 255
166 218 255
168 219 255
170 221 255
172 222 255
174 224 255
176 225 255
178 227 255
180 228 255
182 230 255
184 231 255
186 232 255
188 234 255
190 235 255
192 236 255
194 237 255
196 238 255
198 239 255
200 241 255
202 242 255
204 243 255
206 243 255
208 244 255
210 245 255
212 246 255
214 247 255
216 248 255
218 248 255
220 249 255
222 250 255
224 250 255
226 251 255
228 251 255
230 252 255
232 252 255
234 253 255
236 253 255
238 254 255
240 254 255
242 254 255
244 254 255
246 255 255
248 255 255
250 255 255
252 255 255
254 255 255
255 255 254
255 255 252
255 255 250
255 255 248
255 255 246
255 254 244
255 254 242
255 254 240
255 254 238
255 253 236
255 253 234
255 252 232
255 252 230
255 251 228
255 251 226
255 250 224
255 250 222
255 249 220
255 248 218
255 248 216
255 247 214
255 246 212
255 245 210
255 244 208
255 243 206
255 243 204
255 242 202
255 241 200
255 239 198
255 238 196
255 237 194
255 236 192
255 235 190
255 234 188
255 232 186
255 231 184
255 230 182
255 228 180
255 227 178
255 225 176
255 224 174
255 222 172
255 221 170
255 219 168
255 218 166
255 216 164
255 214 162
255 213 160
255 211 158
255 209 156
255 207 154
255 205 152
255 203 150
255 202 148
255 200 146
255 198 144
255 196 142
255 194 140
255 192 138
255 190 136
255 187 134
255 185 132
255 183 130
255 181 128
255 179 126
255 176 124
255 174 122
255 172 120
255 169 118
255 167 116
255 165 114
255 162 112
255 160 110
255 157 108
255 155 106
255 152 104
255 150 102
255 147 100
255 145 098
255 142 096
255 140 094
255 137 092
255 134 090
255 132 088
255 129 086
255 126 084
255 123 082
255 121 080
255 118 078
255 115 076
255 112 074
255 109 072
255 107 070
255 104 068
255 101 066
255 098 064
255 095 062
255 092 060
255 089 058
255 086 056
255 083 054
255 080 052
255 077 050
255 074 048
255 071 046
255 068 044
255 065 042
255 062 040
255 059 038
255 056 036
255 053 034
255 050 032
255 047 030
255 044 028
255 041 026
255 038 024
255 034 022
255 031 020
255 028 018
255 025 016
255 022 014
255 019 012
255 016 010
255 013 008
255 009 006
255 006 004
255 003 002
255 000 000
