# Reds
255 245 240
255 244 239
255 244 238
255 243 238
255 243 237
255 242 236
255 242 235
255 241 234
255 240 233
255 240 233
255 239 232
255 239 231
255 238 230
255 238 229
255 237 228
255 236 228
255 236 227
255 235 226
255 235 225
254 234 224
254 233 224
254 233 223
254 232 222
254 232 221
254 231 220
254 231 219
254 230 219
254 229 218
254 229 217
254 228 216
254 228 215
254 227 214
254 227 214
254 226 213
254 225 212
254 225 211
254 224 210
254 223 209
254 222 208
254 221 207
254 220 205
254 219 204
254 218 203
254 217 201
254 216 200
254 215 198
253 214 197
253 213 196
253 212 194
253 211 193
253 210 192
253 209 190
253 208 189
253 207 188
253 206 186
253 205 185
253 204 184
253 203 182
253 202 181
253 201 180
253 200 178
253 199 177
253 198 176
253 197 174
252 196 173
252 195 172
252 194 170
252 193 169
252 192 168
252 191 166
252 190 165
252 189 163
252 188 162
252 187 161
252 186 160
252 185 158
252 183 157
252 182 156
252 181 154
252 180 153
252 179 152
252 178 150
252 177 149
252 176 148
252 174 147
252 173 145
252 172 144
252 171 143
252 170 141
252 169 140
252 168 139
252 167 138
252 165 136
252 164 135
252 163 134
252 162 132
252 161 131
252 160 130
252 159 129
252 158 127
252 156 126
252 155 125
252 154 123
252 153 122
252 152 121
252 151 120
252 150 118
252 149 117
252 147 116
252 146 114
252 145 113
252 144 112
252 143 111
252 142 110
252 141 109
252 140 108
252 139 107
252 138 106
252 136 104
252 135 103
252 134 102
252 133 101
252 132 100
252 131 099
252 130 098
252 129 097
252 128 096
252 127 095
251 125 093
251 124 092
251 123 091
251 122 090
251 121 089
251 120 088
251 119 087
251 118 086
251 117 085
251 116 084
251 114 082
251 113 081
251 112 080
251 111 079
251 110 078
251 109 077
251 108 076
251 107 075
251 106 074
251 104 073
250 103 072
250 102 071
250 100 070
249 099 070
249 098 069
249 097 068
248 095 067
248 094 066
248 093 066
247 091 065
247 090 064
247 089 063
246 088 062
246 086 061
246 085 061
245 084 060
245 082 059
245 081 058
244 080 057
244 079 056
244 077 056
243 076 055
243 075 054
243 073 053
242 072 052
242 071 052
242 070 051
241 068 050
241 067 049
241 066 048
240 064 047
240 063 047
240 062 046
239 060 045
239 059 044
238 058 044
237 057 043
236 056 043
235 055 042
234 054 042
233 053 042
232 052 041
231 051 041
230 050 040
229 050 040
228 049 040
227 048 039
226 047 039
225 046 038
224 045 038
223 044 037
222 043 037
221 042 037
220 041 036
219 040 036
218 039 035
217 038 035
216 037 035
215 036 034
214 035 034
213 034 033
212 033 033
211 032 033
210 031 032
209 030 032
209 029 031
208 028 031
207 027 030
206 026 030
205 026 030
204 025 029
202 024 029
201 023 028
200 022 028
198 022 027
197 021 027
196 020 027
194 020 026
193 019 026
191 018 025
190 018 025
189 017 024
187 016 024
186 016 024
185 015 023
183 014 023
182 014 022
180 013 022
179 013 021
178 012 021
176 011 020
175 011 020
174 010 020
172 009 019
171 009 019
169 008 018
168 007 018
167 007 017
165 006 017
164 005 017
163 005 016
161 004 016
160 003 015
158 003 015
157 002 014
156 001 014
154 001 013
153 000 013
