# PuBu
255 247 251
254 247 251
254 246 251
253 246 250
253 245 250
252 245 250
252 244 250
251 244 249
251 243 249
250 243 249
250 243 249
249 242 248
249 242 248
248 241 248
248 241 248
247 240 247
247 240 247
246 240 247
246 239 247
245 239 246
245 238 246
244 238 246
244 237 246
243 237 245
242 236 245
242 236 245
241 236 245
241 235 244
240 235 244
240 234 244
239 234 244
239 233 243
238 233 243
238 233 243
237 232 243
237 232 242
236 231 242
236 231 242
235 230 241
234 229 241
233 229 241
232 228 240
232 228 240
231 227 240
230 226 240
229 226 239
229 225 239
228 225 239
227 224 238
226 223 238
226 223 238
225 222 237
224 222 237
223 221 237
222 220 236
222 220 236
221 219 236
220 219 235
219 218 235
219 217 235
218 217 234
217 216 234
216 216 234
216 215 233
215 214 233
214 214 233
213 213 232
213 213 232
212 212 232
211 211 231
210 211 231
209 210 231
209 210 230
208 209 230
207 208 230
206 208 229
204 207 229
203 207 229
202 206 228
201 206 228
200 205 228
199 205 228
197 204 227
196 203 227
195 203 227
194 202 226
193 202 226
192 201 226
191 201 225
189 200 225
188 200 225
187 199 225
186 198 224
185 198 224
184 197 224
182 197 223
181 196 223
180 196 223
179 195 222
178 195 222
177 194 222
176 194 222
174 193 221
173 192 221
172 192 221
171 191 220
170 191 220
169 190 220
167 190 219
166 189 219
165 189 219
164 188 218
162 188 218
161 187 218
160 186 217
158 186 217
157 185 217
155 185 216
154 184 216
153 184 216
151 183 215
150 183 215
149 182 215
147 181 214
146 181 214
144 180 214
143 180 213
142 179 213
140 179 213
139 178 213
138 178 212
136 177 212
135 177 212
133 176 211
132 175 211
131 175 211
129 174 210
128 174 210
127 173 210
125 173 209
124 172 209
122 172 209
121 171 208
120 170 208
118 170 208
117 169 207
116 169 207
114 168 206
112 167 206
110 167 206
109 166 205
107 165 205
105 165 204
104 164 204
102 163 204
100 163 203
098 162 203
097 161 202
095 161 202
093 160 202
092 159 201
090 159 201
088 158 200
087 157 200
085 156 199
083 156 199
081 155 199
080 154 198
078 154 198
076 153 197
075 152 197
073 152 197
071 151 196
070 150 196
068 150 195
066 149 195
064 148 195
063 148 194
061 147 194
059 146 193
058 145 193
056 145 192
054 144 192
053 143 192
052 142 191
050 141 191
049 141 190
047 140 190
046 139 189
045 138 189
043 137 189
042 136 188
041 135 188
039 134 187
038 134 187
037 133 186
035 132 186
034 131 185
033 130 185
031 129 185
030 128 184
029 127 184
027 127 183
026 126 183
025 125 182
023 124 182
022 123 182
021 122 181
019 121 181
018 120 180
017 120 180
015 119 179
014 118 179
012 117 178
011 116 178
010 115 178
008 114 177
007 113 177
006 113 176
005 112 175
005 111 174
005 110 172
005 109 171
005 108 170
005 107 168
005 106 167
005 105 165
005 104 164
004 103 162
004 102 161
004 101 159
004 100 158
004 099 156
004 099 155
004 098 154
004 097 152
004 096 151
004 095 149
004 094 148
004 093 146
004 092 145
004 091 143
004 090 142
004 089 140
004 088 139
004 087 138
003 086 136
003 085 135
003 085 133
003 084 132
003 083 130
003 082 129
003 081 127
003 080 126
003 079 124
003 078 123
