# Lemon
000 000 000
000 016 003
000 023 006
000 028 009
000 032 013
000 036 016
000 039 019
000 042 022
000 045 025
000 048 028
000 050 031
000 053 034
000 055 038
000 058 041
000 060 044
000 062 047
000 064 050
000 066 053
000 068 056
000 070 059
000 071 062
000 073 065
000 075 068
000 077 071
000 078 074
000 080 077
000 081 080
000 083 083
000 084 086
000 086 089
000 087 092
000 089 095
000 090 098
000 092 101
000 093 104
000 094 107
000 096 109
000 097 112
000 098 115
000 100 118
000 101 121
000 102 123
000 103 126
000 105 129
000 106 132
000 107 134
000 108 137
000 109 140
000 111 142
000 112 145
000 113 147
000 114 150
000 115 152
000 116 155
000 117 157
000 118 160
000 119 162
000 121 165
000 122 167
000 123 169
000 124 172
000 125 174
000 126 176
000 127 179
000 128 181
000 129 183
000 130 185
000 131 187
000 132 190
000 133 192
000 134 194
000 135 196
000 135 198
000 136 200
000 137 202
000 138 203
000 139 205
000 140 207
000 141 209
000 142 211
000 143 213
000 144 214
000 145 216
000 145 218
000 146 219
000 147 221
000 148 222
000 149 224
000 150 225
000 151 227
000 151 228
000 152 230
000 153 231
000 154 232
000 155 234
000 156 235
000 156 236
000 157 237
000 158 238
000 159 239
000 160 241
000 160 242
000 161 243
000 162 243
000 163 244
000 164 245
000 164 246
000 165 247
000 166 248
000 167 248
000 167 249
000 168 250
000 169 250
000 170 251
000 170 251
000 171 252
000 172 252
000 173 253
000 173 253
000 174 254
000 175 254
000 176 254
000 176 254
000 177 255
000 178 255
000 179 255
000 179 255
000 180 255
001 181 255
003 181 255
005 182 255
007 183 255
009 183 255
011 184 254
013 185 254
015 186 254
017 186 254
019 187 253
021 188 253
023 188 252
025 189 252
027 190 251
029 190 251
031 191 250
033 192 250
035 192 249
037 193 248
039 194 248
041 194 247
043 195 246
045 196 245
047 196 244
049 197 243
051 198 243
053 198 242
055 199 241
057 199 239
059 200 238
061 201 237
063 201 236
065 202 235
067 203 234
069 203 232
071 204 231
073 204 230
075 205 228
077 206 227
079 206 225
081 207 224
083 208 222
085 208 221
087 209 219
089 209 218
091 210 216
093 211 214
095 211 213
097 212 211
099 212 209
101 213 207
103 214 205
105 214 203
107 215 202
109 215 200
111 216 198
113 217 196
115 217 194
117 218 192
119 218 190
121 219 187
123 220 185
125 220 183
127 221 181
129 221 179
131 222 176
133 222 174
135 223 172
137 224 169
139 224 167
141 225 165
143 225 162
145 226 160
147 226 157
149 227 155
151 228 152
153 228 150
155 229 147
157 229 145
159 230 142
161 230 140
163 231 137
165 231 134
167 232 132
169 233 129
171 233 126
173 234 123
175 234 121
177 235 118
179 235 115
181 236 112
183 236 109
185 237 107
187 237 104
189 238 101
191 238 098
193 239 095
195 240 092
197 240 089
199 241 086
201 241 083
203 242 080
205 242 077
207 243 074
209 243 071
211 244 068
213 244 065
215 245 062
217 245 059
219 246 056
221 246 053
223 247 050
225 247 047
227 248 044
229 248 041
231 249 038
233 249 034
235 250 031
237 250 028
239 251 025
241 251 022
243 252 019
245 252 016
247 253 013
249 253 009
251 254 006
253 254 003
255 255 000
