# Romantic
255 255 128
243 254 128
230 253 128
218 252 128
205 251 128
192 250 128
180 249 128
167 248 128
155 247 128
142 246 128
130 245 128
118 244 128
105 243 128
092 242 128
080 241 128
067 240 128
055 239 128
042 238 128
030 237 128
017 236 128
005 235 128
001 234 128
003 233 128
005 232 128
007 231 128
009 230 128
011 229 128
013 228 128
015 227 128
017 226 128
019 225 128
021 224 128
023 223 128
025 222 128
027 221 128
029 220 128
031 219 128
033 218 128
035 217 128
037 216 128
039 215 128
041 214 128
043 213 128
045 212 128
047 211 128
049 210 128
051 209 128
053 208 128
055 207 128
057 206 128
059 205 128
061 204 128
063 203 128
065 202 128
067 201 128
069 200 128
071 199 128
073 198 128
075 197 128
077 196 128
079 195 128
081 194 128
083 193 128
085 192 128
087 191 128
089 190 128
091 189 128
093 188 128
095 187 128
097 186 128
099 185 128
101 184 128
103 183 128
105 182 128
107 181 128
109 180 128
111 179 128
113 178 128
115 177 128
117 176 128
119 175 128
121 174 128
123 173 128
125 172 128
127 171 128
129 170 128
131 169 128
133 168 128
135 167 128
137 166 128
139 165 128
141 164 128
143 163 128
145 162 128
147 161 128
149 160 128
151 159 128
153 158 128
155 157 128
157 156 128
159 155 128
161 154 128
163 153 128
165 152 128
167 151 128
169 150 128
171 149 128
173 148 128
175 147 128
177 146 128
179 145 128
181 144 128
183 143 128
185 142 128
187 141 128
189 140 128
191 139 128
193 138 128
195 137 128
197 136 128
199 135 128
201 134 128
203 133 128
205 132 128
207 131 128
209 130 128
211 129 128
213 128 128
215 127 128
217 126 128
219 125 128
221 124 128
223 123 128
225 122 128
227 121 128
229 120 128
231 119 128
233 118 128
235 117 128
237 116 128
239 115 128
241 114 128
243 113 128
245 112 128
247 111 128
249 110 128
251 109 128
253 108 128
255 107 128
255 106 128
255 105 128
255 104 128
255 103 128
255 102 128
255 101 128
255 100 128
255 099 128
255 098 128
255 097 128
255 096 128
255 095 128
255 094 128
255 093 128
255 092 128
255 091 128
255 090 128
255 089 128
255 088 128
255 087 128
255 086 128
255 085 128
255 084 128
255 083 128
255 082 128
255 081 128
255 080 128
255 079 128
255 078 128
255 077 128
255 076 128
255 075 128
255 074 128
255 073 128
255 072 128
255 071 128
255 070 128
255 069 128
255 068 128
255 067 128
255 066 128
255 065 128
255 064 128
252 063 128
248 062 128
244 061 128
240 060 128
236 059 128
232 058 128
228 057 128
224 056 128
220 055 128
216 054 128
212 053 128
208 052 128
204 051 128
200 050 128
196 049 128
192 048 128
188 047 128
184 046 128
180 045 128
176 044 128
172 043 128
168 042 128
164 041 128
160 040 128
156 039 128
152 038 128
148 037 128
144 036 128
140 035 128
136 034 128
132 033 128
128 032 128
124 031 128
120 030 128
116 029 128
112 028 128
108 027 128
104 026 128
100 025 128
096 024 128
092 023 128
088 022 128
084 021 128
080 020 128
076 019 128
072 018 128
068 017 128
064 016 128
060 015 128
056 014 128
052 013 128
048 012 128
044 011 128
040 010 128
036 009 128
032 008 128
028 007 128
024 006 128
020 005 128
016 004 128
012 003 128
008 002 128
004 001 128
000 000 128
