# Stacked black
000 000 000
013 000 000
025 001 000
038 003 000
050 005 000
062 007 000
074 010 000
086 014 000
098 018 000
109 023 000
121 028 000
132 034 000
142 040 000
152 047 000
162 053 000
172 061 000
181 068 000
190 076 000
198 084 000
205 092 000
213 100 000
219 108 000
225 117 000
231 125 000
236 133 000
241 141 000
244 150 000
248 157 000
250 165 000
252 172 000
254 179 000
255 186 000
255 192 000
255 198 000
254 203 000
252 208 000
250 212 000
247 215 000
243 218 000
239 220 000
235 221 000
230 222 000
224 221 000
215 218 000
203 211 000
192 203 000
180 196 000
168 187 000
156 179 000
144 169 000
132 160 000
120 150 000
108 140 000
097 129 000
086 118 000
075 107 000
065 095 000
055 083 000
045 071 000
036 059 000
028 047 000
019 034 000
012 022 000
005 009 000
002 003 000
007 016 000
013 028 000
017 041 000
021 053 000
025 065 000
027 077 000
029 089 000
031 101 000
032 112 000
032 123 000
032 134 000
031 145 000
029 155 000
027 165 000
025 174 000
022 183 000
018 192 000
014 200 000
010 207 000
005 214 000
000 221 000
000 227 005
000 232 011
000 237 017
000 242 023
000 245 029
000 248 035
000 251 041
000 253 048
000 254 054
000 255 060
000 255 066
000 254 072
000 253 077
000 251 083
000 249 088
000 246 093
000 243 097
000 238 101
000 234 104
000 228 107
000 222 110
000 216 112
000 209 113
000 202 114
000 194 114
000 185 113
000 176 112
000 167 110
000 157 107
000 147 104
000 137 100
000 126 095
000 115 089
000 104 083
000 092 076
000 080 068
000 068 059
000 056 050
000 044 040
000 031 029
000 019 018
000 006 006
000 006 006
000 018 019
000 029 031
000 040 044
000 050 056
000 059 068
000 068 080
000 076 092
000 083 104
000 089 115
000 095 126
000 100 137
000 104 147
000 107 157
000 110 167
000 112 176
000 113 185
000 114 194
000 114 202
000 113 209
000 112 216
000 110 222
000 107 228
000 104 234
000 101 238
000 097 243
000 093 246
000 088 249
000 083 251
000 077 253
000 072 254
000 066 255
000 060 255
000 054 254
000 048 253
000 041 251
000 035 248
000 029 245
000 023 242
000 017 237
000 011 232
000 005 227
000 000 221
005 000 214
010 000 207
014 000 200
018 000 192
022 000 183
025 000 174
027 000 165
029 000 155
031 000 145
032 000 134
032 000 123
032 000 112
031 000 101
029 000 089
027 000 077
025 000 065
021 000 053
017 000 041
013 000 028
007 000 016
002 000 003
005 000 009
012 000 022
019 000 034
028 000 047
036 000 059
045 000 071
055 000 083
065 000 095
075 000 107
086 000 118
097 000 129
108 000 140
120 000 150
132 000 160
144 000 169
156 000 179
168 000 187
180 000 196
192 000 203
203 000 211
215 000 218
224 000 221
230 000 222
235 000 221
239 000 220
243 000 218
247 000 215
250 000 212
252 000 208
254 000 203
255 000 198
255 000 192
255 000 186
254 000 179
252 000 172
250 000 165
248 000 157
244 000 150
241 000 141
236 000 133
231 000 125
225 000 117
219 000 108
213 000 100
205 000 092
198 000 084
190 000 076
181 000 068
172 000 061
162 000 053
152 000 047
142 000 040
132 000 034
121 000 028
109 000 023
098 000 018
086 000 014
074 000 010
062 000 007
050 000 005
038 000 003
025 000 001
013 000 000
000 000 000
