# XRay reverse
255 255 255
253 254 254
251 253 253
249 252 252
247 251 251
245 250 250
243 249 249
241 248 248
239 247 247
237 246 246
235 245 245
233 244 244
231 243 243
229 242 242
227 241 241
225 240 240
223 239 239
221 238 238
219 237 237
217 236 236
215 235 235
213 234 234
211 233 233
209 232 232
207 231 231
205 230 230
203 229 229
201 228 228
199 227 227
197 226 226
195 225 225
193 224 224
191 223 223
189 222 222
187 221 221
185 220 220
183 219 219
181 218 218
179 217 217
177 216 216
175 215 215
173 214 214
171 213 213
169 212 212
167 211 211
165 210 210
163 209 209
161 208 208
159 207 207
157 206 206
155 205 205
153 204 204
151 203 203
149 202 202
147 201 201
145 200 200
143 199 199
141 198 198
139 197 197
137 196 196
135 195 195
133 194 194
131 193 193
129 192 192
127 191 191
125 190 190
123 189 189
121 188 188
119 187 187
117 186 186
115 185 185
113 184 184
111 183 183
109 182 182
107 181 181
105 180 180
103 179 179
101 178 178
099 177 177
097 176 176
095 175 175
093 174 174
091 173 173
089 172 172
087 171 171
085 170 170
083 169 169
081 168 168
079 167 167
077 166 166
075 165 165
073 164 164
071 163 163
069 162 162
067 161 161
065 160 160
063 159 159
061 158 158
059 157 157
057 156 156
055 155 155
053 154 154
051 153 153
049 152 152
047 151 151
045 150 150
043 149 149
041 148 148
039 147 147
037 146 146
035 145 145
033 144 144
031 143 143
029 142 142
027 141 141
025 140 140
023 139 139
021 138 138
019 137 137
017 136 136
015 135 135
013 134 134
011 133 133
009 132 132
007 131 131
005 130 130
003 129 129
001 128 128
000 127 127
000 126 126
000 125 125
000 124 124
000 123 123
000 122 122
000 121 121
000 120 120
000 119 119
000 118 118
000 117 117
000 116 116
000 115 115
000 114 114
000 113 113
000 112 112
000 111 111
000 110 110
000 109 109
000 108 108
000 107 107
000 106 106
000 105 105
000 104 104
000 103 103
000 102 102
000 101 101
000 100 100
000 099 099
000 098 098
000 097 097
000 096 096
000 095 095
000 094 094
000 093 093
000 092 092
000 091 091
000 090 090
000 089 089
000 088 088
000 087 087
000 086 086
000 085 085
000 084 084
000 083 083
000 082 082
000 081 081
000 080 080
000 079 079
000 078 078
000 077 077
000 076 076
000 075 075
000 074 074
000 073 073
000 072 072
000 071 071
000 070 070
000 069 069
000 068 068
000 067 067
000 066 066
000 065 065
000 064 064
000 063 063
000 062 062
000 061 061
000 060 060
000 059 059
000 058 058
000 057 057
000 056 056
000 055 055
000 054 054
000 053 053
000 052 052
000 051 051
000 050 050
000 049 049
000 048 048
000 047 047
000 046 046
000 045 045
000 044 044
000 043 043
000 042 042
000 041 041
000 040 040
000 039 039
000 038 038
000 037 037
000 036 036
000 035 035
000 034 034
000 033 033
000 032 032
000 031 031
000 030 030
000 029 029
000 028 028
000 027 027
000 026 026
000 025 025
000 024 024
000 023 023
000 022 022
000 021 021
000 020 020
000 019 019
000 018 018
000 017 017
000 016 016
000 015 015
000 014 014
000 013 013
000 012 012
000 011 011
000 010 010
000 009 009
000 008 008
000 007 007
000 006 006
000 005 005
000 004 004
000 003 003
000 002 002
000 001 001
000 000 000
