# Fruits
000 000 255
000 003 255
000 006 255
000 009 255
000 013 255
000 016 255
000 019 255
000 022 255
000 025 255
000 028 255
000 031 255
000 034 255
000 038 255
000 041 255
000 044 255
000 047 255
000 050 255
000 053 255
000 056 255
000 059 255
000 062 255
000 065 254
000 068 252
000 071 250
000 074 248
000 077 246
000 080 244
000 083 242
000 086 240
000 089 238
000 092 236
000 095 234
000 098 232
000 101 230
000 104 228
000 107 226
000 109 224
000 112 222
000 115 220
000 118 218
000 121 216
000 123 214
000 126 212
000 129 210
000 132 208
000 134 206
000 137 204
000 140 202
000 142 200
000 145 198
000 147 196
000 150 194
000 152 192
000 155 190
000 157 188
000 160 186
000 162 184
000 165 182
000 167 180
000 169 178
000 172 176
000 174 174
000 176 172
000 179 170
000 181 168
000 183 166
000 185 164
000 187 162
000 190 160
000 192 158
000 194 156
000 196 154
000 198 152
000 200 150
000 202 148
000 203 146
000 205 144
000 207 142
000 209 140
000 211 138
000 213 136
000 214 134
000 216 132
000 218 130
000 219 128
000 221 126
003 222 124
006 224 122
009 225 120
012 227 118
015 228 116
018 230 114
021 231 112
024 232 110
027 234 108
030 235 106
033 236 104
036 237 102
039 238 100
042 239 098
045 241 096
048 242 094
051 243 092
054 243 090
057 244 088
060 245 086
063 246 084
066 247 082
069 248 080
072 248 078
075 249 076
078 250 074
081 250 072
084 251 070
087 251 068
090 252 066
093 252 064
096 253 062
099 253 060
102 254 058
105 254 056
108 254 054
111 254 052
114 255 050
117 255 048
120 255 046
123 255 044
126 255 042
129 255 040
132 255 038
135 255 036
138 255 034
141 255 032
144 254 030
147 254 028
150 254 026
153 254 024
156 253 022
159 253 020
162 252 018
165 252 016
168 251 014
171 251 012
174 250 010
177 250 008
180 249 006
183 248 004
186 248 002
189 247 000
192 246 000
195 245 000
198 244 000
201 243 000
204 243 000
207 242 000
210 241 000
213 239 000
216 238 000
219 237 000
222 236 000
225 235 000
228 234 000
231 232 000
234 231 000
237 230 000
240 228 000
243 227 000
246 225 000
249 224 000
252 222 000
255 221 000
255 219 000
255 218 000
255 216 000
255 214 000
255 213 000
255 211 000
255 209 000
255 207 000
255 205 000
255 203 000
255 202 000
255 200 000
255 198 000
255 196 000
255 194 000
255 192 000
255 190 000
255 187 000
255 185 000
255 183 000
255 181 000
255 179 000
255 176 000
255 174 000
255 172 000
255 169 000
255 167 000
255 165 000
255 162 000
255 160 000
255 157 000
255 155 000
255 152 000
255 150 000
255 147 000
255 145 000
255 142 000
255 140 000
255 137 000
255 134 000
255 132 000
255 129 000
255 126 000
255 123 000
255 121 000
255 118 000
255 115 000
255 112 000
255 109 000
255 107 000
255 104 000
255 101 000
255 098 000
255 095 000
255 092 000
255 089 000
255 086 000
255 083 000
255 080 000
255 077 000
255 074 000
255 071 000
255 068 000
255 065 000
255 062 000
255 059 000
255 056 000
255 053 000
255 050 000
255 047 000
255 044 000
255 041 000
255 038 000
255 034 000
255 031 000
255 028 000
255 025 000
255 022 000
255 019 000
255 016 000
255 013 000
255 009 000
255 006 000
255 003 000
255 000 000
