# Jungle
128 000 000
126 001 000
124 002 000
122 003 000
120 004 000
118 005 000
116 006 000
114 007 000
112 008 000
110 009 000
108 010 000
106 011 000
104 012 000
102 013 000
100 014 000
098 015 000
096 016 000
094 017 000
092 018 000
090 019 000
088 020 000
086 021 000
084 022 000
082 023 000
080 024 000
078 025 000
076 026 000
074 027 000
072 028 000
070 029 000
068 030 000
066 031 000
064 032 000
061 033 000
060 034 000
057 035 000
056 036 000
053 037 000
052 038 000
049 039 000
048 040 000
045 041 000
044 042 000
041 043 000
040 044 000
037 045 000
036 046 000
033 047 000
032 048 000
029 049 000
028 050 000
025 051 000
024 052 000
021 053 000
020 054 000
017 055 000
016 056 000
013 057 000
012 058 000
009 059 000
008 060 000
005 061 000
004 062 000
001 063 000
000 064 000
002 065 000
005 066 000
007 067 000
008 068 000
010 069 000
013 070 000
015 071 000
016 072 000
018 073 000
021 074 000
023 075 000
024 076 000
026 077 000
029 078 000
031 079 000
033 080 000
034 081 000
037 082 000
039 083 000
041 084 000
042 085 000
045 086 000
047 087 000
049 088 000
050 089 000
053 090 000
055 091 000
057 092 000
058 093 000
061 094 000
063 095 000
065 096 000
066 097 000
069 098 000
071 099 000
073 100 000
074 101 000
077 102 000
079 103 000
081 104 000
082 105 000
085 106 000
087 107 000
089 108 000
090 109 000
093 110 000
095 111 000
097 112 000
098 113 000
101 114 000
103 115 000
105 116 000
106 117 000
109 118 000
111 119 000
113 120 000
114 121 000
117 122 000
119 123 000
121 124 000
122 125 000
125 126 000
127 127 000
129 128 000
131 129 000
132 130 000
134 131 000
137 132 000
139 133 000
141 134 000
143 135 000
145 136 000
147 137 000
148 138 000
150 139 000
153 140 000
155 141 000
157 142 000
159 143 000
161 144 000
163 145 000
164 146 000
166 147 000
169 148 000
171 149 000
173 150 000
175 151 000
177 152 000
179 153 000
180 154 000
182 155 000
185 156 000
187 157 000
189 158 000
191 159 000
193 160 000
195 161 000
196 162 000
198 163 000
201 164 000
203 165 000
205 166 000
207 167 000
209 168 000
211 169 000
212 170 000
214 171 001
217 172 003
219 173 004
221 174 006
223 175 007
225 176 009
227 177 010
228 178 012
230 179 013
233 180 015
235 181 016
237 182 018
239 183 019
241 184 021
243 185 022
244 186 024
246 187 025
249 188 027
251 189 029
253 190 030
255 191 032
255 192 033
255 193 034
255 194 036
255 195 037
255 196 039
255 197 041
255 198 042
255 199 044
255 200 045
255 201 047
255 202 048
255 203 049
255 204 051
255 205 053
255 206 054
255 207 056
255 208 057
255 209 059
255 210 060
255 211 062
255 212 063
255 213 065
255 214 066
255 215 067
255 216 069
255 217 070
255 218 072
255 219 073
255 220 075
255 221 077
255 222 078
255 223 080
255 224 081
255 225 082
255 226 084
255 227 085
255 228 087
255 229 089
255 230 090
255 231 092
255 232 093
255 233 095
255 234 096
255 235 098
255 236 099
255 237 100
255 238 102
255 239 103
255 240 105
255 241 106
255 242 108
255 243 109
255 244 111
255 245 113
255 246 114
255 247 115
255 248 117
255 249 118
255 250 120
255 251 121
255 252 123
255 253 125
255 254 126
255 255 128
