# Dawn
000 000 128
016 000 127
023 000 126
028 000 125
032 000 124
036 000 123
039 000 122
042 000 121
045 000 120
048 000 119
050 000 118
053 000 117
055 001 116
058 001 115
060 001 114
062 001 113
064 001 112
066 001 111
068 001 110
070 001 109
071 002 108
073 002 107
075 002 106
077 002 105
078 002 104
080 002 103
081 003 102
083 003 101
084 003 100
086 003 099
087 004 098
089 004 097
090 004 096
092 004 095
093 005 094
094 005 093
096 005 092
097 005 090
098 006 090
100 006 089
101 006 088
102 007 087
103 007 086
105 007 085
106 008 084
107 008 082
108 008 082
109 009 081
111 009 080
112 009 079
113 010 078
114 010 077
115 011 076
116 011 074
117 011 074
118 012 073
119 012 072
121 013 071
122 013 070
123 014 069
124 014 068
125 015 066
126 015 066
127 016 065
128 016 064
129 017 063
130 017 061
131 018 061
132 018 060
133 019 059
134 019 057
135 020 057
135 020 056
136 021 055
137 021 053
138 022 053
139 023 052
140 023 051
141 024 049
142 024 049
143 025 048
144 026 047
145 026 045
145 027 045
146 028 044
147 028 043
148 029 041
149 030 041
150 030 040
151 031 039
151 032 037
152 032 037
153 033 036
154 034 035
155 035 033
156 035 033
156 036 032
157 037 031
158 038 029
159 038 028
160 039 028
160 040 027
161 041 025
162 042 024
163 042 024
164 043 023
164 044 021
165 045 020
166 046 020
167 047 019
167 047 017
168 048 016
169 049 016
170 050 015
170 051 013
171 052 012
172 053 012
173 054 011
173 055 009
174 056 008
175 056 008
176 057 007
176 058 005
177 059 004
178 060 004
179 061 003
179 062 001
180 063 000
181 064 000
181 065 001
182 066 002
183 067 003
183 068 005
184 069 006
185 070 007
186 071 008
186 073 008
187 074 009
188 075 010
188 076 011
189 077 013
190 078 014
190 079 015
191 080 016
192 081 016
192 082 017
193 084 018
194 085 019
194 086 021
195 087 022
196 088 023
196 089 024
197 091 024
198 092 025
198 093 026
199 094 027
199 095 029
200 097 030
201 098 031
201 099 032
202 100 033
203 102 033
203 103 034
204 104 035
204 105 037
205 107 038
206 108 039
206 109 040
207 111 041
208 112 041
208 113 042
209 115 043
209 116 045
210 117 046
211 119 047
211 120 048
212 121 049
212 123 049
213 124 050
214 126 051
214 127 053
215 128 054
215 130 055
216 131 056
217 133 057
217 134 057
218 136 058
218 137 059
219 139 061
220 140 062
220 142 063
221 143 064
221 145 065
222 146 066
222 148 066
223 149 067
224 151 069
224 152 070
225 154 071
225 155 072
226 157 073
226 158 074
227 160 074
228 162 075
228 163 077
229 165 078
229 166 079
230 168 080
230 170 081
231 171 082
231 173 082
232 175 083
233 176 085
233 178 086
234 180 087
234 181 088
235 183 089
235 185 090
236 186 090
236 188 091
237 190 093
237 192 094
238 193 095
238 195 096
239 197 097
240 199 098
240 200 098
241 202 099
241 204 101
242 206 102
242 207 103
243 209 104
243 211 105
244 213 106
244 215 106
245 217 107
245 218 109
246 220 110
246 222 111
247 224 112
247 226 113
248 228 114
248 230 114
249 232 115
249 233 117
250 235 118
250 237 119
251 239 120
251 241 121
252 243 122
252 245 122
253 247 123
253 249 125
254 251 126
254 253 127
255 255 128
