# Fashion
000 000 128
000 002 128
000 003 128
000 005 128
000 006 128
000 008 128
000 009 128
000 011 128
000 013 128
000 014 128
000 016 128
000 017 128
000 019 128
000 020 128
000 022 128
000 024 128
000 025 128
000 027 128
000 028 128
000 030 128
000 031 128
000 033 128
000 034 128
000 036 128
000 038 128
000 039 128
000 041 128
000 042 128
000 044 128
000 045 128
000 047 128
000 048 128
000 050 128
000 051 128
000 053 128
000 055 128
000 056 128
000 058 128
000 059 128
000 061 128
000 062 128
000 064 128
000 065 128
000 067 128
000 068 128
000 070 128
000 071 128
000 073 128
000 074 128
000 076 128
000 077 128
000 079 128
000 080 128
000 082 128
000 083 128
000 085 128
000 086 128
000 088 128
000 089 128
000 091 128
000 092 128
000 094 128
000 095 128
000 096 128
000 098 128
000 099 128
000 101 128
000 102 128
000 104 128
000 105 128
000 107 128
000 108 128
000 109 128
000 111 128
000 112 128
000 114 128
000 115 128
000 116 128
000 118 128
000 119 128
000 121 128
000 122 128
000 123 128
000 125 128
000 126 128
000 127 128
000 129 128
000 130 128
000 132 128
000 133 128
000 134 128
000 136 128
000 137 128
000 138 128
000 140 128
000 141 128
000 142 128
000 143 128
000 145 128
000 146 128
000 147 128
000 149 128
000 150 128
000 151 128
000 152 128
000 154 128
000 155 128
000 156 128
000 157 128
000 159 128
000 160 128
000 161 128
000 162 128
000 164 128
000 165 128
000 166 128
000 167 128
000 168 128
000 169 128
000 171 128
000 172 128
000 173 128
000 174 128
000 175 128
000 176 128
000 178 128
000 179 128
000 180 128
000 181 128
000 182 128
000 183 128
000 184 128
000 185 128
000 186 128
000 187 128
000 188 128
000 190 128
000 191 128
000 192 128
000 193 128
000 194 128
000 195 128
000 196 128
000 197 128
000 198 128
000 199 128
000 200 128
000 201 128
000 202 128
000 203 128
000 203 128
000 204 128
000 205 128
000 206 128
000 207 128
000 208 128
000 209 128
000 210 128
000 211 128
000 212 128
000 213 128
000 213 128
000 214 128
000 215 128
000 216 128
000 217 128
000 218 128
000 218 128
000 219 128
000 220 128
000 221 128
003 222 128
006 222 128
009 223 128
012 224 128
015 225 128
018 225 128
021 226 128
024 227 128
027 228 128
030 228 128
033 229 128
036 230 128
039 230 128
042 231 128
045 232 128
048 232 128
051 233 128
054 234 128
057 234 128
060 235 128
063 235 128
066 236 128
069 237 128
072 237 128
075 238 128
078 238 128
081 239 128
084 239 128
087 240 128
090 241 128
093 241 128
096 242 128
099 242 128
102 243 128
105 243 128
108 243 128
111 244 128
114 244 128
117 245 128
120 245 128
123 246 128
126 246 128
129 247 128
132 247 128
135 247 128
138 248 128
141 248 128
144 248 128
147 249 128
150 249 128
153 249 128
156 250 128
159 250 128
162 250 128
165 251 128
168 251 128
171 251 128
174 251 128
177 252 128
180 252 128
183 252 128
186 252 128
189 253 128
192 253 128
195 253 128
198 253 128
201 253 128
204 254 128
207 254 128
210 254 128
213 254 128
216 254 128
219 254 128
222 254 128
225 255 128
228 255 128
231 255 128
234 255 128
237 255 128
240 255 128
243 255 128
246 255 128
249 255 128
252 255 128
255 255 128
