# BioHazard
000 128 000
001 127 000
002 126 000
003 125 000
004 124 000
005 123 000
006 122 000
007 121 000
008 120 000
009 119 000
010 118 000
011 117 000
012 116 000
013 115 000
014 114 000
015 113 000
016 112 000
017 111 000
018 110 000
019 109 000
020 108 000
021 107 000
022 106 000
023 105 000
024 104 000
025 103 000
026 102 000
027 101 000
028 100 000
029 099 000
030 098 000
031 097 000
032 096 000
033 095 000
034 094 000
035 093 000
036 092 000
037 090 000
038 090 000
039 089 000
040 088 000
041 087 000
042 086 000
043 085 000
044 084 000
045 082 000
046 082 000
047 081 000
048 080 000
049 079 000
050 078 000
051 077 000
052 076 000
053 074 000
054 074 001
055 073 001
056 072 001
057 071 001
058 070 001
059 069 001
060 068 001
061 066 001
062 066 001
063 065 001
064 064 001
065 063 001
066 061 001
067 061 001
068 060 001
069 059 001
070 057 001
071 057 002
072 056 002
073 055 002
074 053 002
075 053 002
076 052 002
077 051 002
078 049 002
079 049 002
080 048 002
081 047 003
082 045 003
083 045 003
084 044 003
085 043 003
086 041 003
087 041 003
088 040 004
089 039 004
090 037 004
091 037 004
092 036 004
093 035 005
094 033 005
095 033 005
096 032 005
097 031 005
098 029 006
099 028 006
100 028 006
101 027 006
102 025 007
103 024 007
104 024 007
105 023 007
106 021 008
107 020 008
108 020 008
109 019 009
110 017 009
111 016 009
112 016 009
113 015 010
114 013 010
115 012 011
116 012 011
117 011 011
118 009 012
119 008 012
120 008 013
121 007 013
122 005 013
123 004 014
124 004 014
125 003 015
126 001 015
127 000 016
128 000 016
129 001 017
130 002 017
131 003 018
132 005 018
133 006 019
134 007 019
135 008 020
136 008 021
137 009 021
138 010 022
139 011 023
140 013 023
141 014 024
142 015 025
143 016 025
144 016 026
145 017 027
146 018 027
147 019 028
148 021 029
149 022 030
150 023 031
151 024 031
152 024 032
153 025 033
154 026 034
155 027 035
156 029 036
157 030 037
158 031 038
159 032 039
160 033 040
161 033 041
162 034 042
163 035 043
164 037 044
165 038 045
166 039 046
167 040 047
168 041 048
169 041 049
170 042 050
171 043 052
172 045 053
173 046 054
174 047 055
175 048 057
176 049 058
177 049 059
178 050 061
179 051 062
180 053 063
181 054 065
182 055 066
183 056 068
184 057 069
185 057 071
186 058 072
187 059 074
188 061 075
189 062 077
190 063 079
191 064 080
192 065 082
193 066 084
194 066 085
195 067 087
196 069 089
197 070 091
198 071 093
199 072 095
200 073 096
201 074 098
202 074 100
203 075 102
204 077 104
205 078 107
206 079 109
207 080 111
208 081 113
209 082 115
210 082 117
211 083 120
212 085 122
213 086 124
214 087 126
215 088 129
216 089 131
217 090 134
218 090 136
219 091 139
220 093 141
221 094 144
222 095 146
223 096 149
224 097 152
225 098 155
226 098 157
227 099 160
228 101 163
229 102 166
230 103 169
231 104 172
232 105 175
233 106 178
234 106 181
235 107 184
236 109 187
237 110 190
238 111 194
239 112 197
240 113 200
241 114 203
242 114 207
243 115 210
244 117 214
245 118 217
246 119 221
247 120 224
248 121 228
249 122 232
250 122 236
251 123 239
252 125 243
253 126 247
254 127 251
255 128 255
