# Parula
053 042 135
051 044 138
050 046 141
048 047 143
047 049 146
045 051 149
044 053 152
042 055 155
040 056 158
039 058 160
037 060 163
036 062 166
034 063 169
033 065 172
031 067 175
029 069 177
028 071 180
026 072 183
025 074 186
023 076 189
022 078 191
020 080 194
018 081 197
017 083 200
015 085 203
014 087 206
012 088 208
011 090 211
009 092 214
008 094 217
006 096 220
004 097 223
003 099 225
004 100 225
004 101 224
005 102 224
005 103 223
006 104 223
006 106 223
007 107 222
007 108 222
008 109 221
008 110 221
009 111 220
009 112 220
010 113 220
011 114 219
011 115 219
012 116 218
012 117 218
013 118 218
013 119 217
014 120 217
014 122 216
015 123 216
015 124 216
016 125 215
016 126 215
017 127 214
017 128 214
018 129 214
019 130 213
019 131 213
020 132 212
020 133 212
019 134 211
019 135 211
019 136 211
018 138 210
018 139 210
017 140 209
017 141 209
016 142 208
016 143 208
015 144 207
015 145 207
015 146 207
014 147 206
014 148 206
013 149 205
013 150 205
012 151 204
012 152 204
012 154 204
011 155 203
011 156 203
010 157 202
010 158 202
009 159 201
009 160 201
008 161 200
008 162 200
008 163 200
007 164 199
007 165 199
006 166 198
007 167 198
008 168 196
010 168 195
011 169 194
013 169 193
014 170 191
016 171 190
018 171 189
019 172 187
021 172 186
022 173 185
024 173 184
025 174 182
027 175 181
029 175 180
030 176 179
032 176 177
033 177 176
035 177 175
036 178 174
038 179 172
040 179 171
041 180 170
043 180 169
044 181 167
046 181 166
047 182 165
049 182 164
051 183 162
052 184 161
054 184 160
055 185 159
057 185 157
060 185 156
063 185 155
066 186 153
069 186 152
072 186 151
074 186 149
077 186 148
080 187 147
083 187 145
086 187 144
088 187 142
091 187 141
094 188 140
097 188 138
100 188 137
103 188 136
105 188 134
108 188 133
111 189 132
114 189 130
117 189 129
120 189 128
122 189 126
125 190 125
128 190 124
131 190 122
134 190 121
136 190 120
139 191 118
142 191 117
145 191 116
147 191 114
150 191 114
152 191 113
154 190 112
156 190 111
159 190 110
161 190 109
163 190 108
165 190 107
167 189 106
170 189 105
172 189 104
174 189 104
176 189 103
179 189 102
181 189 101
183 188 100
185 188 099
187 188 098
190 188 097
192 188 096
194 188 095
196 187 094
199 187 094
201 187 093
203 187 092
205 187 091
208 187 090
210 187 089
212 186 088
214 186 087
216 186 086
218 186 085
219 187 084
220 188 083
221 188 081
222 189 080
223 190 079
224 190 078
226 191 076
227 191 075
228 192 074
229 193 073
230 193 071
231 194 070
232 195 069
233 195 067
234 196 066
235 197 065
236 197 064
238 198 062
239 198 061
240 199 060
241 200 059
242 200 057
243 201 056
244 202 055
245 202 054
246 203 052
247 203 051
249 204 050
250 205 049
251 205 047
252 206 046
252 207 045
252 209 044
252 210 043
252 211 042
252 213 041
251 214 040
251 216 039
251 217 038
251 219 037
251 220 036
251 221 035
251 223 034
251 224 033
251 226 032
251 227 031
251 228 030
250 230 029
250 231 028
250 233 027
250 234 026
250 235 025
250 237 024
250 238 023
250 240 022
250 241 021
250 243 020
249 244 019
249 245 018
249 247 017
249 248 016
249 250 015
249 251 014
