000 000 000
016 000 006
023 000 013
028 000 019
032 000 025
036 000 031
039 000 038
042 000 044
045 000 050
048 000 056
050 000 062
053 000 068
055 000 074
058 000 080
060 000 086
062 000 092
064 000 098
066 000 104
068 000 109
070 000 115
071 000 121
073 000 126
075 000 132
077 000 137
078 000 142
080 000 147
081 000 152
083 000 157
084 000 162
086 000 167
087 000 172
089 000 176
090 001 181
092 001 185
093 001 190
094 001 194
096 001 198
097 001 202
098 001 205
100 001 209
101 001 213
102 001 216
103 001 219
105 001 222
106 001 225
107 001 228
108 001 231
109 002 234
111 002 236
112 002 238
113 002 241
114 002 243
115 002 244
116 002 246
117 002 248
118 003 249
119 003 250
121 003 251
122 003 252
123 003 253
124 003 254
125 003 254
126 004 255
127 004 255
128 004 255
129 004 255
130 004 255
131 005 254
132 005 254
133 005 253
134 005 252
135 006 251
135 006 250
136 006 248
137 006 247
138 006 245
139 007 243
140 007 242
141 007 239
142 008 237
143 008 235
144 008 232
145 008 230
145 009 227
146 009 224
147 009 221
148 010 218
149 010 214
150 010 211
151 011 207
151 011 203
152 012 200
153 012 196
154 012 192
155 013 187
156 013 183
156 014 179
157 014 174
158 014 169
159 015 165
160 015 160
160 016 155
161 016 150
162 017 145
163 017 140
164 018 134
164 018 129
165 019 123
166 019 118
167 020 112
167 020 107
168 021 101
169 022 095
170 022 089
170 023 083
171 023 077
172 024 071
173 025 065
173 025 059
174 026 053
175 027 047
176 027 041
176 028 034
177 029 028
178 029 022
179 030 016
179 031 009
180 032 003
181 032 000
181 033 000
182 034 000
183 035 000
183 035 000
184 036 000
185 037 000
186 038 000
186 039 000
187 040 000
188 040 000
188 041 000
189 042 000
190 043 000
190 044 000
191 045 000
192 046 000
192 047 000
193 048 000
194 049 000
194 050 000
195 051 000
196 052 000
196 053 000
197 054 000
198 055 000
198 056 000
199 057 000
199 058 000
200 060 000
201 061 000
201 062 000
202 063 000
203 064 000
203 065 000
204 067 000
204 068 000
205 069 000
206 070 000
206 072 000
207 073 000
208 074 000
208 076 000
209 077 000
209 078 000
210 080 000
211 081 000
211 082 000
212 084 000
212 085 000
213 087 000
214 088 000
214 090 000
215 091 000
215 093 000
216 094 000
217 096 000
217 097 000
218 099 000
218 101 000
219 102 000
220 104 000
220 105 000
221 107 000
221 109 000
222 111 000
222 112 000
223 114 000
224 116 000
224 118 000
225 119 000
225 121 000
226 123 000
226 125 000
227 127 000
228 129 000
228 131 000
229 132 000
229 134 000
230 136 000
230 138 000
231 140 000
231 142 000
232 144 000
233 147 000
233 149 000
234 151 000
234 153 000
235 155 000
235 157 000
236 159 000
236 162 000
237 164 000
237 166 000
238 168 000
238 171 000
239 173 000
240 175 000
240 178 000
241 180 000
241 182 000
242 185 000
242 187 000
243 190 000
243 192 000
244 195 000
244 197 000
245 200 000
245 202 000
246 205 000
246 207 000
247 210 000
247 213 000
248 215 000
248 218 000
249 221 000
249 223 000
250 226 000
250 229 000
251 232 000
251 235 000
252 237 000
252 240 000
253 243 000
253 246 000
254 249 000
254 252 000
255 255 000
