# Pastel2
179 226 205
181 225 204
183 225 203
185 224 202
187 224 201
189 223 200
191 223 200
193 222 199
195 221 198
197 221 197
199 220 196
201 220 195
203 219 194
205 219 193
207 218 192
209 217 191
212 217 191
214 216 190
216 216 189
218 215 188
220 214 187
222 214 186
224 213 185
226 213 184
228 212 183
230 212 182
232 211 181
234 210 181
236 210 180
238 209 179
240 209 178
242 208 177
244 208 176
246 207 175
248 206 174
250 206 173
252 205 172
252 205 173
251 204 175
250 203 176
248 203 178
247 202 180
246 201 181
244 201 183
243 200 184
242 199 186
240 199 188
239 198 189
238 197 191
236 197 193
235 196 194
234 195 196
232 195 198
231 194 199
230 193 201
229 193 203
227 192 204
226 191 206
225 191 208
223 190 209
222 189 211
221 189 212
219 188 214
218 187 216
217 187 217
215 186 219
214 186 221
213 185 222
211 184 224
210 184 226
209 183 227
207 182 229
206 182 231
205 181 232
206 182 232
207 182 232
208 183 232
209 183 232
211 184 231
212 185 231
213 185 231
214 186 231
215 186 231
216 187 231
217 187 231
218 188 231
219 189 231
220 189 230
221 190 230
222 190 230
223 191 230
224 191 230
225 192 230
227 193 230
228 193 230
229 194 230
230 194 229
231 195 229
232 195 229
233 196 229
234 197 229
235 197 229
236 198 229
237 198 229
238 199 229
239 200 228
240 200 228
242 201 228
243 201 228
244 202 228
243 203 227
243 204 227
242 205 226
241 206 225
240 208 225
239 209 224
238 210 223
238 211 222
237 212 222
236 213 221
235 215 220
234 216 219
234 217 219
233 218 218
232 219 217
231 221 216
230 222 216
229 223 215
229 224 214
228 225 213
227 226 213
226 228 212
225 229 211
224 230 210
224 231 210
223 232 209
222 234 208
221 235 207
220 236 207
220 237 206
219 238 205
218 239 204
217 241 204
216 242 203
215 243 202
215 244 202
214 245 201
215 245 200
217 245 199
218 245 199
219 245 198
220 245 197
221 244 196
222 244 196
223 244 195
224 244 194
226 244 193
227 244 193
228 244 192
229 244 191
230 244 190
231 244 190
232 244 189
233 244 188
235 243 187
236 243 187
237 243 186
238 243 185
239 243 184
240 243 184
241 243 183
242 243 182
244 243 182
245 243 181
246 243 180
247 243 179
248 243 179
249 242 178
250 242 177
251 242 176
253 242 176
254 242 175
255 242 174
255 242 175
254 241 176
254 241 176
254 240 177
253 240 178
253 239 179
252 239 180
252 239 180
252 238 181
251 238 182
251 237 183
250 237 184
250 236 185
250 236 185
249 235 186
249 235 187
249 235 188
248 234 189
248 234 190
247 233 190
247 233 191
247 232 192
246 232 193
246 232 194
245 231 194
245 231 195
245 230 196
244 230 197
244 229 198
244 229 199
243 228 199
243 228 200
242 228 201
242 227 202
242 227 203
241 226 204
241 226 204
240 225 204
239 225 204
238 224 204
237 223 204
235 223 204
234 222 204
233 222 204
232 221 204
231 220 204
230 220 204
229 219 204
228 218 204
227 218 204
226 217 204
225 217 204
224 216 204
223 215 204
222 215 204
221 214 204
220 214 204
219 213 204
218 212 204
217 212 204
216 211 204
215 211 204
214 210 204
213 209 204
212 209 204
211 208 204
210 208 204
209 207 204
208 206 204
207 206 204
206 205 204
205 205 204
204 204 204
