   0   0   0
   2   2   2
   4   4   4
   6   6   6
   8   8   8
  10  10  10
  12  12  12
  14  14  14
  16  16  16
  18  18  18
  20  20  20
  22  22  22
  24  24  24
  26  26  26
  28  28  28
  30  30  30
  32  32  32
  34  34  34
  36  36  36
  38  38  38
  40  40  40
  42  42  42
  44  44  44
  46  46  46
  48  48  48
  50  50  50
  52  52  52
  54  54  54
  56  56  56
  58  58  58
  60  60  60
  62  62  62
  64  64  64
  66  66  66
  68  68  68
  70  70  70
  72  72  72
  74  74  74
  76  76  76
  78  78  78
  80  80  80
  82  82  82
  84  84  84
  86  86  86
  88  88  88
  90  90  90
  92  92  92
  94  94  94
  96  96  96
  98  98  98
 100 100 100
 102 102 102
 104 104 104
 106 106 106
 108 108 108
 110 110 110
 112 112 112
 114 114 114
 116 116 116
 118 118 118
 120 120 120
 122 122 122
 124 124 124
 126 126 126
 128 128 128
 130 130 130
 132 132 132
 134 134 134
 136 136 136
 138 138 138
 140 140 140
 142 142 142
 144 144 144
 146 146 146
 148 148 148
 150 150 150
 152 152 152
 154 154 154
 156 156 156
 158 158 158
 160 160 160
 162 162 162
 164 164 164
 166 166 166
 168 168 168
 170 170 170
 172 172 172
 174 174 174
 176 176 176
 178 178 178
 180 180 180
 182 182 182
 184 184 184
 186 186 186
 188 188 188
 190 190 190
 192 192 192
 194 194 194
 196 196 196
 198 198 198
 200 200 200
 202 202 202
 204 204 204
 206 206 206
 208 208 208
 210 210 210
 212 212 212
 214 214 214
 216 216 216
 218 218 218
 220 220 220
 222 222 222
 224 224 224
 226 226 226
 228 228 228
 230 230 230
 232 232 232
 234 234 234
 236 236 236
 238 238 238
 240 240 240
 242 242 242
 244 244 244
 246 246 246
 248 248 248
 250 250 250
 252 252 252
 254 254 254
 254 254 254
 252 252 252
 250 250 250
 248 248 248
 246 246 246
 244 244 244
 242 242 242
 240 240 240
 238 238 238
 236 236 236
 234 234 234
 232 232 232
 230 230 230
 228 228 228
 226 226 226
 224 224 224
 222 222 222
 220 220 220
 218 218 218
 216 216 216
 214 214 214
 212 212 212
 210 210 210
 208 208 208
 206 206 206
 204 204 204
 202 202 202
 200 200 200
 198 198 198
 196 196 196
 194 194 194
 192 192 192
 190 190 190
 188 188 188
 186 186 186
 184 184 184
 182 182 182
 180 180 180
 178 178 178
 176 176 176
 174 174 174
 172 172 172
 170 170 170
 168 168 168
 166 166 166
 164 164 164
 162 162 162
 160 160 160
 158 158 158
 156 156 156
 154 154 154
 152 152 152
 150 150 150
 148 148 148
 146 146 146
 144 144 144
 142 142 142
 140 140 140
 138 138 138
 136 136 136
 134 134 134
 132 132 132
 130 130 130
 128 128 128
 126 126 126
 124 124 124
 122 122 122
 120 120 120
 118 118 118
 116 116 116
 114 114 114
 112 112 112
 110 110 110
 108 108 108
 106 106 106
 104 104 104
 102 102 102
 100 100 100
  98  98  98
  96  96  96
  94  94  94
  92  92  92
  90  90  90
  88  88  88
  86  86  86
  84  84  84
  82  82  82
  80  80  80
  78  78  78
  76  76  76
  74  74  74
  72  72  72
  70  70  70
  68  68  68
  66  66  66
  64  64  64
  62  62  62
  60  60  60
  58  58  58
  56  56  56
  54  54  54
  52  52  52
  50  50  50
  48  48  48
  46  46  46
  44  44  44
  42  42  42
  40  40  40
  38  38  38
  36  36  36
  34  34  34
  32  32  32
  30  30  30
  28  28  28
  26  26  26
  24  24  24
  22  22  22
  20  20  20
  18  18  18
  16  16  16
  14  14  14
  12  12  12
  10  10  10
   8   8   8
   6   6   6
   4   4   4
   2   2   2
   0   0   0
