 255 255 255
 253 253 253
 251 251 251
 249 249 249
 247 247 247
 245 245 245
 243 243 243
 241 241 241
 239 239 239
 237 237 237
 235 235 235
 233 233 233
 231 231 231
 229 229 229
 227 227 227
 225 225 225
 223 223 223
 221 221 221
 219 219 219
 217 217 217
 215 215 215
 213 213 213
 211 211 211
 209 209 209
 207 207 207
 205 205 205
 203 203 203
 201 201 201
 199 199 199
 197 197 197
 195 195 195
 193 193 193
 191 191 191
 189 189 189
 187 187 187
 185 185 185
 183 183 183
 181 181 181
 179 179 179
 177 177 177
 175 175 175
 173 173 173
 171 171 171
 169 169 169
 167 167 167
 165 165 165
 163 163 163
 161 161 161
 159 159 159
 157 157 157
 155 155 155
 153 153 153
 151 151 151
 149 149 149
 147 147 147
 145 145 145
 143 143 143
 141 141 141
 139 139 139
 137 137 137
 135 135 135
 133 133 133
 131 131 131
 129 129 129
 127 127 127
 125 125 125
 123 123 123
 121 121 121
 119 119 119
 117 117 117
 115 115 115
 113 113 113
 111 111 111
 109 109 109
 107 107 107
 105 105 105
 103 103 103
 101 101 101
  99  99  99
  97  97  97
  95  95  95
  93  93  93
  91  91  91
  89  89  89
  87  87  87
  85  85  85
  83  83  83
  81  81  81
  79  79  79
  77  77  77
  75  75  75
  73  73  73
  71  71  71
  69  69  69
  67  67  67
  65  65  65
  63  63  63
  61  61  61
  59  59  59
  57  57  57
  55  55  55
  53  53  53
  51  51  51
  49  49  49
  47  47  47
  45  45  45
  43  43  43
  41  41  41
  39  39  39
  37  37  37
  35  35  35
  33  33  33
  31  31  31
  29  29  29
  27  27  27
  25  25  25
  23  23  23
  21  21  21
  19  19  19
  17  17  17
  15  15  15
  13  13  13
  11  11  11
   9   9   9
   7   7   7
   5   5   5
   3   3   3
   1   1   1
   1   1   1
   3   3   3
   5   5   5
   7   7   7
   9   9   9
  11  11  11
  13  13  13
  15  15  15
  17  17  17
  19  19  19
  21  21  21
  23  23  23
  25  25  25
  27  27  27
  29  29  29
  31  31  31
  33  33  33
  35  35  35
  37  37  37
  39  39  39
  41  41  41
  43  43  43
  45  45  45
  47  47  47
  49  49  49
  51  51  51
  53  53  53
  55  55  55
  57  57  57
  59  59  59
  61  61  61
  63  63  63
  65  65  65
  67  67  67
  69  69  69
  71  71  71
  73  73  73
  75  75  75
  77  77  77
  79  79  79
  81  81  81
  83  83  83
  85  85  85
  87  87  87
  89  89  89
  91  91  91
  93  93  93
  95  95  95
  97  97  97
  99  99  99
 101 101 101
 103 103 103
 105 105 105
 107 107 107
 109 109 109
 111 111 111
 113 113 113
 115 115 115
 117 117 117
 119 119 119
 121 121 121
 123 123 123
 125 125 125
 127 127 127
 129 129 129
 131 131 131
 133 133 133
 135 135 135
 137 137 137
 139 139 139
 141 141 141
 143 143 143
 145 145 145
 147 147 147
 149 149 149
 151 151 151
 153 153 153
 155 155 155
 157 157 157
 159 159 159
 161 161 161
 163 163 163
 165 165 165
 167 167 167
 169 169 169
 171 171 171
 173 173 173
 175 175 175
 177 177 177
 179 179 179
 181 181 181
 183 183 183
 185 185 185
 187 187 187
 189 189 189
 191 191 191
 193 193 193
 195 195 195
 197 197 197
 199 199 199
 201 201 201
 203 203 203
 205 205 205
 207 207 207
 209 209 209
 211 211 211
 213 213 213
 215 215 215
 217 217 217
 219 219 219
 221 221 221
 223 223 223
 225 225 225
 227 227 227
 229 229 229
 231 231 231
 233 233 233
 235 235 235
 237 237 237
 239 239 239
 241 241 241
 243 243 243
 245 245 245
 247 247 247
 249 249 249
 251 251 251
 253 253 253
 255 255 255
