 247 252 245
 247 252 244
 246 252 244
 246 251 243
 245 251 243
 245 251 242
 244 251 242
 244 251 241
 243 250 240
 243 250 240
 242 250 239
 242 250 239
 241 250 238
 241 250 238
 240 249 237
 240 249 236
 239 249 236
 239 249 235
 238 249 235
 238 248 234
 237 248 233
 237 248 233
 236 248 232
 236 248 232
 235 247 231
 235 247 231
 234 247 230
 234 247 229
 233 247 229
 233 246 228
 232 246 228
 232 246 227
 231 246 227
 231 246 226
 230 245 225
 230 245 225
 229 245 224
 229 245 223
 228 244 223
 227 244 222
 226 244 221
 225 243 220
 224 243 219
 224 243 218
 223 243 217
 222 242 216
 221 242 216
 220 242 215
 219 241 214
 219 241 213
 218 241 212
 217 240 211
 216 240 210
 215 240 209
 215 239 209
 214 239 208
 213 239 207
 212 238 206
 211 238 205
 210 238 204
 210 237 203
 209 237 202
 208 237 202
 207 236 201
 206 236 200
 205 236 199
 205 235 198
 204 235 197
 203 235 196
 202 234 195
 201 234 195
 201 234 194
 200 233 193
 199 233 192
 198 232 191
 197 232 190
 196 232 189
 195 231 188
 194 231 187
 193 230 186
 192 230 185
 191 229 184
 189 229 183
 188 229 182
 187 228 181
 186 228 180
 185 227 179
 184 227 178
 183 226 177
 182 226 176
 181 225 175
 180 225 174
 179 225 173
 178 224 172
 177 224 171
 176 223 170
 175 223 168
 174 222 167
 173 222 166
 172 222 165
 171 221 164
 170 221 163
 169 220 162
 168 220 161
 167 219 160
 165 219 159
 164 218 158
 163 218 157
 162 218 156
 161 217 155
 160 217 154
 159 216 153
 158 215 152
 156 215 151
 155 214 150
 154 214 149
 153 213 148
 151 213 147
 150 212 146
 149 211 145
 148 211 144
 147 210 143
 145 210 142
 144 209 141
 143 209 140
 142 208 139
 140 207 138
 139 207 137
 138 206 136
 137 206 135
 135 205 134
 134 204 133
 133 204 132
 132 203 131
 130 203 130
 129 202 129
 128 202 128
 127 201 127
 126 200 126
 124 200 125
 123 199 124
 122 199 123
 121 198 122
 119 198 121
 118 197 120
 117 196 119
 116 196 118
 114 195 117
 113 194 116
 111 194 116
 110 193 115
 109 192 114
 107 192 114
 106 191 113
 104 190 112
 103 190 112
 102 189 111
 100 188 110
  99 188 110
  97 187 109
  96 186 108
  95 186 108
  93 185 107
  92 184 106
  90 183 105
  89 183 105
  88 182 104
  86 181 103
  85 181 103
  83 180 102
  82 179 101
  81 179 101
  79 178 100
  78 177  99
  76 177  99
  75 176  98
  74 175  97
  72 175  97
  71 174  96
  69 173  95
  68 172  94
  67 172  94
  65 171  93
  64 170  92
  63 169  92
  63 168  91
  62 168  90
  61 167  90
  60 166  89
  59 165  88
  59 164  88
  58 163  87
  57 162  87
  56 161  86
  55 161  85
  54 160  85
  54 159  84
  53 158  83
  52 157  83
  51 156  82
  50 155  81
  49 154  81
  49 154  80
  48 153  79
  47 152  79
  46 151  78
  45 150  77
  45 149  77
  44 148  76
  43 147  75
  42 147  75
  41 146  74
  40 145  73
  40 144  73
  39 143  72
  38 142  71
  37 141  71
  36 140  70
  35 140  69
  35 138  69
  34 137  68
  33 136  68
  32 134  67
  31 133  67
  30 132  66
  29 130  66
  28 129  65
  27 128  65
  26 126  64
  25 125  64
  24 124  63
  23 122  63
  22 121  62
  21 120  61
  20 118  61
  19 117  60
  18 116  60
  17 114  59
  16 113  59
  15 112  58
  14 110  58
  13 109  57
  12 107  57
  12 106  56
  11 105  56
  10 103  55
   9 102  55
   8 101  54
   7  99  54
   6  98  53
   5  97  53
   4  95  52
   3  94  52
   2  93  51
   1  91  51
   0  90  50
