255 255 255
255 255 255
254 254 254
254 254 254
253 253 253
253 253 253
253 253 253
252 252 252
252 252 252
251 251 251
251 251 251
250 250 250
250 250 250
250 250 250
249 249 249
249 249 249
248 248 248
248 248 248
248 248 248
247 247 247
247 247 247
246 246 246
246 246 246
246 246 246
245 245 245
245 245 245
244 244 244
244 244 244
243 243 243
243 243 243
243 243 243
242 242 242
242 242 242
241 241 241
241 241 241
241 241 241
240 240 240
240 240 240
239 239 239
238 238 238
238 238 238
237 237 237
236 236 236
236 236 236
235 235 235
235 235 235
234 234 234
233 233 233
233 233 233
232 232 232
231 231 231
231 231 231
230 230 230
230 230 230
229 229 229
228 228 228
228 228 228
227 227 227
226 226 226
226 226 226
225 225 225
224 224 224
224 224 224
223 223 223
223 223 223
222 222 222
221 221 221
221 221 221
220 220 220
219 219 219
219 219 219
218 218 218
218 218 218
217 217 217
216 216 216
215 215 215
215 215 215
214 214 214
213 213 213
212 212 212
212 212 212
211 211 211
210 210 210
209 209 209
208 208 208
208 208 208
207 207 207
206 206 206
205 205 205
205 205 205
204 204 204
203 203 203
202 202 202
202 202 202
201 201 201
200 200 200
199 199 199
198 198 198
198 198 198
197 197 197
196 196 196
195 195 195
195 195 195
194 194 194
193 193 193
192 192 192
192 192 192
191 191 191
190 190 190
189 189 189
188 188 188
187 187 187
186 186 186
185 185 185
184 184 184
183 183 183
182 182 182
181 181 181
180 180 180
179 179 179
178 178 178
176 176 176
175 175 175
174 174 174
173 173 173
172 172 172
171 171 171
170 170 170
169 169 169
168 168 168
167 167 167
166 166 166
165 165 165
164 164 164
163 163 163
161 161 161
160 160 160
159 159 159
158 158 158
157 157 157
156 156 156
155 155 155
154 154 154
153 153 153
152 152 152
151 151 151
150 150 150
149 149 149
148 148 148
147 147 147
146 146 146
145 145 145
144 144 144
143 143 143
142 142 142
141 141 141
140 140 140
139 139 139
138 138 138
137 137 137
136 136 136
135 135 135
134 134 134
133 133 133
132 132 132
131 131 131
131 131 131
130 130 130
129 129 129
128 128 128
127 127 127
126 126 126
125 125 125
124 124 124
123 123 123
122 122 122
121 121 121
120 120 120
119 119 119
118 118 118
117 117 117
116 116 116
115 115 115
114 114 114
113 113 113
112 112 112
112 112 112
111 111 111
110 110 110
109 109 109
108 108 108
107 107 107
106 106 106
105 105 105
104 104 104
103 103 103
102 102 102
102 102 102
101 101 101
100 100 100
099 099 099
098 098 098
097 097 097
096 096 096
095 095 095
094 094 094
093 093 093
092 092 092
092 092 092
091 091 091
090 090 090
089 089 089
088 088 088
087 087 087
086 086 086
085 085 085
084 084 084
083 083 083
083 083 083
081 081 081
080 080 080
079 079 079
078 078 078
077 077 077
075 075 075
074 074 074
073 073 073
072 072 072
070 070 070
069 069 069
068 068 068
067 067 067
065 065 065
064 064 064
063 063 063
062 062 062
060 060 060
059 059 059
058 058 058
057 057 057
056 056 056
054 054 054
053 053 053
052 052 052
051 051 051
049 049 049
048 048 048
047 047 047
046 046 046
044 044 044
043 043 043
042 042 042
041 041 041
039 039 039
038 038 038
037 037 037
