   0   0   0
   2   0   0
   4   0   0
   6   0   0
   8   0   0
  10   0   0
  12   0   0
  14   0   0
  16   0   0
  18   0   0
  20   0   0
  22   0   0
  24   0   0
  26   0   0
  28   0   0
  30   0   0
  32   0   0
  34   0   0
  36   0   0
  38   0   0
  40   0   0
  42   0   0
  44   0   0
  46   0   0
  48   0   0
  50   0   0
  52   0   0
  54   0   0
  56   0   0
  58   0   0
  60   0   0
  62   0   0
  64   0   0
  66   0   0
  68   0   0
  70   0   0
  72   0   0
  74   0   0
  76   0   0
  78   0   0
  80   0   0
  82   0   0
  84   0   0
  86   0   0
  88   0   0
  90   0   0
  92   0   0
  94   0   0
  96   0   0
  98   0   0
 100   0   0
 102   0   0
 104   0   0
 106   0   0
 108   0   0
 110   0   0
 112   0   0
 114   0   0
 116   0   0
 118   0   0
 120   0   0
 122   0   0
 124   0   0
 126   0   0
 128   0   0
 130   2   0
 132   5   0
 134   7   0
 136   8   0
 138  10   0
 140  13   0
 142  15   0
 144  16   0
 146  18   0
 148  21   0
 150  23   0
 152  24   0
 154  26   0
 156  29   0
 158  31   0
 160  33   0
 162  34   0
 164  37   0
 166  39   0
 168  41   0
 170  42   0
 172  45   0
 174  47   0
 176  49   0
 178  50   0
 180  53   0
 182  55   0
 184  57   0
 186  58   0
 188  61   0
 190  63   0
 192  65   0
 194  66   0
 196  69   0
 198  71   0
 200  73   0
 202  74   0
 204  77   0
 206  79   0
 208  81   0
 210  82   0
 212  85   0
 214  87   0
 216  89   0
 218  90   0
 220  93   0
 222  95   0
 224  97   0
 226  98   0
 228 101   0
 230 103   0
 232 105   0
 234 106   0
 236 109   0
 238 111   0
 240 113   0
 242 114   0
 244 117   0
 246 119   0
 248 121   0
 250 122   0
 252 125   0
 254 127   0
 255 129   1
 255 131   3
 255 132   5
 255 134   7
 255 137   9
 255 139  11
 255 141  13
 255 143  15
 255 145  17
 255 147  19
 255 148  21
 255 150  23
 255 153  25
 255 155  27
 255 157  29
 255 159  31
 255 161  33
 255 163  35
 255 164  37
 255 166  39
 255 169  41
 255 171  43
 255 173  45
 255 175  47
 255 177  49
 255 179  51
 255 180  53
 255 182  55
 255 185  57
 255 187  59
 255 189  61
 255 191  63
 255 193  65
 255 195  67
 255 196  69
 255 198  71
 255 201  73
 255 203  75
 255 205  77
 255 207  79
 255 209  81
 255 211  83
 255 212  85
 255 214  87
 255 217  89
 255 219  91
 255 221  93
 255 223  95
 255 225  97
 255 227  99
 255 228 101
 255 230 103
 255 233 105
 255 235 107
 255 237 109
 255 239 111
 255 241 113
 255 243 115
 255 244 117
 255 246 119
 255 249 121
 255 251 123
 255 253 125
 255 255 127
 255 255 129
 255 255 131
 255 255 133
 255 255 135
 255 255 137
 255 255 139
 255 255 141
 255 255 143
 255 255 145
 255 255 147
 255 255 149
 255 255 151
 255 255 153
 255 255 155
 255 255 157
 255 255 159
 255 255 161
 255 255 163
 255 255 165
 255 255 167
 255 255 169
 255 255 171
 255 255 173
 255 255 175
 255 255 177
 255 255 179
 255 255 181
 255 255 183
 255 255 185
 255 255 187
 255 255 189
 255 255 191
 255 255 193
 255 255 195
 255 255 197
 255 255 199
 255 255 201
 255 255 203
 255 255 205
 255 255 207
 255 255 209
 255 255 211
 255 255 213
 255 255 215
 255 255 217
 255 255 219
 255 255 221
 255 255 223
 255 255 225
 255 255 227
 255 255 229
 255 255 231
 255 255 233
 255 255 235
 255 255 237
 255 255 239
 255 255 241
 255 255 243
 255 255 245
 255 255 247
 255 255 249
 255 255 251
 255 255 253
 255 255 255
