255 255 000
255 251 000
255 247 000
255 243 000
255 239 000
255 235 000
255 232 000
255 228 000
255 224 000
255 220 000
255 217 000
255 213 000
255 209 000
255 206 000
255 202 000
255 199 000
255 195 000
255 192 000
255 188 000
255 185 000
255 181 000
255 178 000
255 175 000
255 171 000
255 168 000
255 165 000
255 162 000
255 158 000
255 155 000
255 152 000
255 149 000
255 146 000
255 143 000
255 140 000
255 137 000
255 134 000
255 131 000
255 128 000
255 126 000
255 123 000
255 120 000
255 117 000
255 115 000
255 112 000
255 109 000
255 107 000
255 104 000
255 102 000
255 099 000
255 097 000
255 094 000
255 092 000
255 089 000
255 087 000
255 085 000
255 082 000
255 080 000
255 078 000
255 076 000
255 074 000
255 071 000
255 069 000
255 067 000
255 065 000
255 063 000
253 061 000
251 059 000
249 057 000
247 056 000
245 054 000
243 052 000
241 050 000
239 048 000
237 047 000
234 045 000
232 043 000
230 042 000
228 040 000
227 038 000
225 037 000
223 035 000
221 034 000
219 032 000
217 031 000
215 030 000
213 028 000
211 027 003
209 026 006
207 024 009
205 023 012
202 022 015
200 021 018
198 020 021
196 019 024
195 018 027
193 017 030
191 016 033
189 015 036
187 014 039
185 013 042
183 012 045
181 011 048
179 010 051
177 009 054
175 009 057
173 008 060
170 007 063
168 007 066
166 006 069
164 005 072
163 005 075
161 004 078
159 004 081
157 003 084
155 003 087
153 002 090
151 002 093
149 002 096
147 001 099
145 001 102
143 001 105
141 001 108
138 000 111
136 000 114
134 000 117
132 000 120
131 000 123
129 000 126
127 000 129
125 000 132
123 000 135
121 000 138
118 000 141
116 000 144
114 001 147
113 001 150
111 001 153
109 001 156
107 002 159
105 002 162
102 002 165
100 003 168
098 003 171
097 004 174
095 004 177
093 005 180
091 005 183
089 006 186
086 007 189
084 007 192
082 008 195
081 009 198
079 009 201
077 010 204
075 011 207
073 012 210
070 013 213
068 014 216
066 015 219
065 016 222
063 017 225
061 018 228
059 019 231
057 020 234
054 021 237
052 022 240
050 023 243
049 024 246
047 026 249
045 027 252
043 028 255
041 030 255
038 031 255
036 032 255
034 034 255
033 035 255
031 037 255
029 038 255
027 040 255
025 042 255
022 043 255
020 045 255
018 047 255
016 048 255
015 050 255
013 052 255
011 054 255
009 056 255
006 057 255
004 059 255
002 061 255
000 063 255
001 065 255
003 067 255
005 069 255
007 071 255
010 074 255
012 076 255
014 078 255
016 080 255
017 082 255
019 085 255
021 087 255
023 089 255
026 092 255
028 094 255
030 097 255
032 099 255
033 102 255
035 104 255
037 107 255
039 109 255
042 112 255
044 115 255
046 117 255
048 120 255
049 123 255
051 126 255
053 128 255
055 131 255
058 134 255
060 137 255
062 140 255
064 143 255
066 146 255
067 149 255
069 152 255
071 155 255
074 158 255
076 162 255
078 165 255
080 168 255
082 171 255
083 175 255
085 178 255
087 181 255
090 185 255
092 188 255
094 192 255
096 195 255
098 199 255
099 202 255
101 206 255
103 209 255
106 213 255
108 217 255
110 220 255
112 224 255
114 228 255
115 232 255
117 235 255
119 239 255
122 243 255
124 247 255
126 251 255
128 255 255
