 255 255   0
 255 251   0
 255 247   0
 255 243   0
 255 239   0
 255 235   0
 255 232   0
 255 228   0
 255 224   0
 255 220   0
 255 217   0
 255 213   0
 255 209   0
 255 206   0
 255 202   0
 255 199   0
 255 195   0
 255 192   0
 255 188   0
 255 185   0
 255 181   0
 255 178   0
 255 175   0
 255 171   0
 255 168   0
 255 165   0
 255 162   0
 255 158   0
 255 155   0
 255 152   0
 255 149   0
 255 146   0
 255 143   0
 255 140   0
 255 137   0
 255 134   0
 255 131   0
 255 128   0
 255 126   0
 255 123   0
 255 120   0
 255 117   0
 255 115   0
 255 112   0
 255 109   0
 255 107   0
 255 104   0
 255 102   0
 255  99   0
 255  97   0
 255  94   0
 255  92   0
 255  89   0
 255  87   0
 255  85   0
 255  82   0
 255  80   0
 255  78   0
 255  76   0
 255  74   0
 255  71   0
 255  69   0
 255  67   0
 255  65   0
 255  63   0
 253  61   0
 251  59   0
 249  57   0
 247  56   0
 245  54   0
 243  52   0
 241  50   0
 239  48   0
 237  47   0
 234  45   0
 232  43   0
 230  42   0
 228  40   0
 227  38   0
 225  37   0
 223  35   0
 221  34   0
 219  32   0
 217  31   0
 215  30   0
 213  28   0
 211  27   3
 209  26   6
 207  24   9
 205  23  12
 202  22  15
 200  21  18
 198  20  21
 196  19  24
 195  18  27
 193  17  30
 191  16  33
 189  15  36
 187  14  39
 185  13  42
 183  12  45
 181  11  48
 179  10  51
 177   9  54
 175   9  57
 173   8  60
 170   7  63
 168   7  66
 166   6  69
 164   5  72
 163   5  75
 161   4  78
 159   4  81
 157   3  84
 155   3  87
 153   2  90
 151   2  93
 149   2  96
 147   1  99
 145   1 102
 143   1 105
 141   1 108
 138   0 111
 136   0 114
 134   0 117
 132   0 120
 131   0 123
 129   0 126
 127   0 129
 125   0 132
 123   0 135
 121   0 138
 118   0 141
 116   0 144
 114   1 147
 113   1 150
 111   1 153
 109   1 156
 107   2 159
 105   2 162
 102   2 165
 100   3 168
  98   3 171
  97   4 174
  95   4 177
  93   5 180
  91   5 183
  89   6 186
  86   7 189
  84   7 192
  82   8 195
  81   9 198
  79   9 201
  77  10 204
  75  11 207
  73  12 210
  70  13 213
  68  14 216
  66  15 219
  65  16 222
  63  17 225
  61  18 228
  59  19 231
  57  20 234
  54  21 237
  52  22 240
  50  23 243
  49  24 246
  47  26 249
  45  27 252
  43  28 255
  41  30 255
  38  31 255
  36  32 255
  34  34 255
  33  35 255
  31  37 255
  29  38 255
  27  40 255
  25  42 255
  22  43 255
  20  45 255
  18  47 255
  16  48 255
  15  50 255
  13  52 255
  11  54 255
   9  56 255
   6  57 255
   4  59 255
   2  61 255
   0  63 255
   1  65 255
   3  67 255
   5  69 255
   7  71 255
  10  74 255
  12  76 255
  14  78 255
  16  80 255
  17  82 255
  19  85 255
  21  87 255
  23  89 255
  26  92 255
  28  94 255
  30  97 255
  32  99 255
  33 102 255
  35 104 255
  37 107 255
  39 109 255
  42 112 255
  44 115 255
  46 117 255
  48 120 255
  49 123 255
  51 126 255
  53 128 255
  55 131 255
  58 134 255
  60 137 255
  62 140 255
  64 143 255
  66 146 255
  67 149 255
  69 152 255
  71 155 255
  74 158 255
  76 162 255
  78 165 255
  80 168 255
  82 171 255
  83 175 255
  85 178 255
  87 181 255
  90 185 255
  92 188 255
  94 192 255
  96 195 255
  98 199 255
  99 202 255
 101 206 255
 103 209 255
 106 213 255
 108 217 255
 110 220 255
 112 224 255
 114 228 255
 115 232 255
 117 235 255
 119 239 255
 122 243 255
 124 247 255
 126 251 255
 128 255 255
