128 000 255
126 003 255
124 006 255
122 009 255
120 013 255
118 016 255
116 019 255
114 022 255
112 025 255
110 028 255
108 031 255
106 034 254
104 038 254
102 041 254
100 044 254
098 047 254
096 050 254
094 053 254
092 056 253
090 059 253
088 062 253
086 065 253
084 068 253
082 071 252
080 074 252
078 077 252
076 080 252
074 083 251
072 086 251
070 089 251
068 092 251
066 095 250
064 098 250
061 101 250
060 104 249
057 107 249
056 109 249
053 112 248
052 115 248
049 118 248
048 121 247
045 123 247
044 126 247
041 129 246
040 132 246
037 134 245
036 137 245
033 140 244
032 142 244
029 145 243
028 147 243
025 150 243
024 152 242
021 155 242
020 157 241
017 160 241
016 162 240
013 165 239
012 167 239
009 169 238
008 172 238
005 174 237
004 176 237
001 179 236
000 181 235
002 183 235
005 185 234
007 187 234
008 190 233
010 192 232
013 194 232
015 196 231
016 198 230
018 200 230
021 202 229
023 203 228
024 205 228
026 207 227
029 209 226
031 211 225
033 213 225
034 214 224
037 216 223
039 218 222
041 219 222
042 221 221
045 222 220
047 224 219
049 225 218
050 227 218
053 228 217
055 230 216
057 231 215
058 232 214
061 234 213
063 235 213
065 236 212
066 237 211
069 238 210
071 239 209
073 241 208
074 242 207
077 243 206
079 243 205
081 244 204
082 245 203
085 246 203
087 247 202
089 248 201
090 248 200
093 249 199
095 250 198
097 250 197
098 251 196
101 251 195
103 252 194
105 252 193
106 253 192
109 253 191
111 254 190
113 254 188
114 254 187
117 254 186
119 255 185
121 255 184
122 255 183
125 255 182
127 255 181
129 255 180
131 255 179
132 255 178
134 255 176
137 255 175
139 254 174
141 254 173
143 254 172
145 254 171
147 253 169
148 253 168
150 252 167
153 252 166
155 251 165
157 251 164
159 250 162
161 250 161
163 249 160
164 248 159
166 248 157
169 247 156
171 246 155
173 245 154
175 244 152
177 243 151
179 243 150
180 242 149
182 241 147
185 239 146
187 238 145
189 237 143
191 236 142
193 235 141
195 234 140
196 232 138
198 231 137
201 230 136
203 228 134
205 227 133
207 225 132
209 224 130
211 222 129
212 221 128
214 219 126
217 218 125
219 216 123
221 214 122
223 213 121
225 211 119
227 209 118
228 207 116
230 205 115
233 203 114
235 202 112
237 200 111
239 198 109
241 196 108
243 194 107
244 192 105
246 190 104
249 187 102
251 185 101
253 183 099
255 181 098
255 179 096
255 176 095
255 174 094
255 172 092
255 169 091
255 167 089
255 165 088
255 162 086
255 160 085
255 157 083
255 155 082
255 152 080
255 150 079
255 147 077
255 145 076
255 142 074
255 140 073
255 137 071
255 134 070
255 132 068
255 129 067
255 126 065
255 123 064
255 121 062
255 118 061
255 115 059
255 112 058
255 109 056
255 107 055
255 104 053
255 101 051
255 098 050
255 095 048
255 092 047
255 089 045
255 086 044
255 083 042
255 080 041
255 077 039
255 074 038
255 071 036
255 068 034
255 065 033
255 062 031
255 059 030
255 056 028
255 053 027
255 050 025
255 047 024
255 044 022
255 041 020
255 038 019
255 034 017
255 031 016
255 028 014
255 025 013
255 022 011
255 019 009
255 016 008
255 013 006
255 009 005
255 006 003
255 003 002
255 000 000
