 128   0   0
 126   1   0
 124   2   0
 122   3   0
 120   4   0
 118   5   0
 116   6   0
 114   7   0
 112   8   0
 110   9   0
 108  10   0
 106  11   0
 104  12   0
 102  13   0
 100  14   0
  98  15   0
  96  16   0
  94  17   0
  92  18   0
  90  19   0
  88  20   0
  86  21   0
  84  22   0
  82  23   0
  80  24   0
  78  25   0
  76  26   0
  74  27   0
  72  28   0
  70  29   0
  68  30   0
  66  31   0
  64  32   0
  61  33   0
  60  34   0
  57  35   0
  56  36   0
  53  37   0
  52  38   0
  49  39   0
  48  40   0
  45  41   0
  44  42   0
  41  43   0
  40  44   0
  37  45   0
  36  46   0
  33  47   0
  32  48   0
  29  49   0
  28  50   0
  25  51   0
  24  52   0
  21  53   0
  20  54   0
  17  55   0
  16  56   0
  13  57   0
  12  58   0
   9  59   0
   8  60   0
   5  61   0
   4  62   0
   1  63   0
   0  64   0
   2  65   0
   5  66   0
   7  67   0
   8  68   0
  10  69   0
  13  70   0
  15  71   0
  16  72   0
  18  73   0
  21  74   0
  23  75   0
  24  76   0
  26  77   0
  29  78   0
  31  79   0
  33  80   0
  34  81   0
  37  82   0
  39  83   0
  41  84   0
  42  85   0
  45  86   0
  47  87   0
  49  88   0
  50  89   0
  53  90   0
  55  91   0
  57  92   0
  58  93   0
  61  94   0
  63  95   0
  65  96   0
  66  97   0
  69  98   0
  71  99   0
  73 100   0
  74 101   0
  77 102   0
  79 103   0
  81 104   0
  82 105   0
  85 106   0
  87 107   0
  89 108   0
  90 109   0
  93 110   0
  95 111   0
  97 112   0
  98 113   0
 101 114   0
 103 115   0
 105 116   0
 106 117   0
 109 118   0
 111 119   0
 113 120   0
 114 121   0
 117 122   0
 119 123   0
 121 124   0
 122 125   0
 125 126   0
 127 127   0
 129 128   0
 131 129   0
 132 130   0
 134 131   0
 137 132   0
 139 133   0
 141 134   0
 143 135   0
 145 136   0
 147 137   0
 148 138   0
 150 139   0
 153 140   0
 155 141   0
 157 142   0
 159 143   0
 161 144   0
 163 145   0
 164 146   0
 166 147   0
 169 148   0
 171 149   0
 173 150   0
 175 151   0
 177 152   0
 179 153   0
 180 154   0
 182 155   0
 185 156   0
 187 157   0
 189 158   0
 191 159   0
 193 160   0
 195 161   0
 196 162   0
 198 163   0
 201 164   0
 203 165   0
 205 166   0
 207 167   0
 209 168   0
 211 169   0
 212 170   0
 214 171   1
 217 172   3
 219 173   4
 221 174   6
 223 175   7
 225 176   9
 227 177  10
 228 178  12
 230 179  13
 233 180  15
 235 181  16
 237 182  18
 239 183  19
 241 184  21
 243 185  22
 244 186  24
 246 187  25
 249 188  27
 251 189  29
 253 190  30
 255 191  32
 255 192  33
 255 193  34
 255 194  36
 255 195  37
 255 196  39
 255 197  41
 255 198  42
 255 199  44
 255 200  45
 255 201  47
 255 202  48
 255 203  49
 255 204  51
 255 205  53
 255 206  54
 255 207  56
 255 208  57
 255 209  59
 255 210  60
 255 211  62
 255 212  63
 255 213  65
 255 214  66
 255 215  67
 255 216  69
 255 217  70
 255 218  72
 255 219  73
 255 220  75
 255 221  77
 255 222  78
 255 223  80
 255 224  81
 255 225  82
 255 226  84
 255 227  85
 255 228  87
 255 229  89
 255 230  90
 255 231  92
 255 232  93
 255 233  95
 255 234  96
 255 235  98
 255 236  99
 255 237 100
 255 238 102
 255 239 103
 255 240 105
 255 241 106
 255 242 108
 255 243 109
 255 244 111
 255 245 113
 255 246 114
 255 247 115
 255 248 117
 255 249 118
 255 250 120
 255 251 121
 255 252 123
 255 253 125
 255 254 126
 255 255 128
