   0   0   0
   0  16   3
   0  23   6
   0  28   9
   0  32  13
   0  36  16
   0  39  19
   0  42  22
   0  45  25
   0  48  28
   0  50  31
   0  53  34
   0  55  38
   0  58  41
   0  60  44
   0  62  47
   0  64  50
   0  66  53
   0  68  56
   0  70  59
   0  71  62
   0  73  65
   0  75  68
   0  77  71
   0  78  74
   0  80  77
   0  81  80
   0  83  83
   0  84  86
   0  86  89
   0  87  92
   0  89  95
   0  90  98
   0  92 101
   0  93 104
   0  94 107
   0  96 109
   0  97 112
   0  98 115
   0 100 118
   0 101 121
   0 102 123
   0 103 126
   0 105 129
   0 106 132
   0 107 134
   0 108 137
   0 109 140
   0 111 142
   0 112 145
   0 113 147
   0 114 150
   0 115 152
   0 116 155
   0 117 157
   0 118 160
   0 119 162
   0 121 165
   0 122 167
   0 123 169
   0 124 172
   0 125 174
   0 126 176
   0 127 179
   0 128 181
   0 129 183
   0 130 185
   0 131 187
   0 132 190
   0 133 192
   0 134 194
   0 135 196
   0 135 198
   0 136 200
   0 137 202
   0 138 203
   0 139 205
   0 140 207
   0 141 209
   0 142 211
   0 143 213
   0 144 214
   0 145 216
   0 145 218
   0 146 219
   0 147 221
   0 148 222
   0 149 224
   0 150 225
   0 151 227
   0 151 228
   0 152 230
   0 153 231
   0 154 232
   0 155 234
   0 156 235
   0 156 236
   0 157 237
   0 158 238
   0 159 239
   0 160 241
   0 160 242
   0 161 243
   0 162 243
   0 163 244
   0 164 245
   0 164 246
   0 165 247
   0 166 248
   0 167 248
   0 167 249
   0 168 250
   0 169 250
   0 170 251
   0 170 251
   0 171 252
   0 172 252
   0 173 253
   0 173 253
   0 174 254
   0 175 254
   0 176 254
   0 176 254
   0 177 255
   0 178 255
   0 179 255
   0 179 255
   0 180 255
   1 181 255
   3 181 255
   5 182 255
   7 183 255
   9 183 255
  11 184 254
  13 185 254
  15 186 254
  17 186 254
  19 187 253
  21 188 253
  23 188 252
  25 189 252
  27 190 251
  29 190 251
  31 191 250
  33 192 250
  35 192 249
  37 193 248
  39 194 248
  41 194 247
  43 195 246
  45 196 245
  47 196 244
  49 197 243
  51 198 243
  53 198 242
  55 199 241
  57 199 239
  59 200 238
  61 201 237
  63 201 236
  65 202 235
  67 203 234
  69 203 232
  71 204 231
  73 204 230
  75 205 228
  77 206 227
  79 206 225
  81 207 224
  83 208 222
  85 208 221
  87 209 219
  89 209 218
  91 210 216
  93 211 214
  95 211 213
  97 212 211
  99 212 209
 101 213 207
 103 214 205
 105 214 203
 107 215 202
 109 215 200
 111 216 198
 113 217 196
 115 217 194
 117 218 192
 119 218 190
 121 219 187
 123 220 185
 125 220 183
 127 221 181
 129 221 179
 131 222 176
 133 222 174
 135 223 172
 137 224 169
 139 224 167
 141 225 165
 143 225 162
 145 226 160
 147 226 157
 149 227 155
 151 228 152
 153 228 150
 155 229 147
 157 229 145
 159 230 142
 161 230 140
 163 231 137
 165 231 134
 167 232 132
 169 233 129
 171 233 126
 173 234 123
 175 234 121
 177 235 118
 179 235 115
 181 236 112
 183 236 109
 185 237 107
 187 237 104
 189 238 101
 191 238  98
 193 239  95
 195 240  92
 197 240  89
 199 241  86
 201 241  83
 203 242  80
 205 242  77
 207 243  74
 209 243  71
 211 244  68
 213 244  65
 215 245  62
 217 245  59
 219 246  56
 221 246  53
 223 247  50
 225 247  47
 227 248  44
 229 248  41
 231 249  38
 233 249  34
 235 250  31
 237 250  28
 239 251  25
 241 251  22
 243 252  19
 245 252  16
 247 253  13
 249 253   9
 251 254   6
 253 254   3
 255 255   0
