   0   0   0
   0   1   6
   0   2  13
   0   3  19
   0   4  25
   0   5  31
   0   6  38
   0   7  44
   0   8  50
   0   9  56
   0  10  62
   0  11  68
   0  12  74
   0  13  80
   0  14  86
   0  15  92
   0  16  98
   0  17 104
   0  18 109
   0  19 115
   0  20 121
   0  21 126
   0  22 132
   0  23 137
   0  24 142
   0  25 147
   0  26 152
   0  27 157
   0  28 162
   0  29 167
   0  30 172
   0  31 176
   0  32 181
   0  33 185
   0  34 190
   0  35 194
   0  36 198
   0  37 202
   0  38 205
   0  39 209
   0  40 213
   0  41 216
   0  42 219
   0  43 222
   0  44 225
   0  45 228
   0  46 231
   0  47 234
   0  48 236
   0  49 238
   0  50 241
   0  51 243
   0  52 244
   0  53 246
   0  54 248
   0  55 249
   0  56 250
   0  57 251
   0  58 252
   0  59 253
   0  60 254
   0  61 254
   0  62 255
   0  63 255
   0  64 255
   0  65 255
   0  66 255
   0  67 254
   0  68 254
   0  69 253
   0  70 252
   0  71 251
   0  72 250
   0  73 248
   0  74 247
   0  75 245
   0  76 243
   0  77 242
   0  78 239
   0  79 237
   0  80 235
   0  81 232
   0  82 230
   0  83 227
   0  84 224
   0  85 221
   1  86 218
   3  87 214
   4  88 211
   6  89 207
   8  90 203
   9  91 200
  10  92 196
  12  93 192
  14  94 187
  15  95 183
  16  96 179
  18  97 174
  20  98 169
  21  99 165
  23 100 160
  24 101 155
  26 102 150
  27 103 145
  29 104 140
  30 105 134
  32 106 129
  33 107 123
  34 108 118
  36 109 112
  38 110 107
  39 111 101
  41 112  95
  42 113  89
  44 114  83
  45 115  77
  47 116  71
  48 117  65
  49 118  59
  51 119  53
  52 120  47
  54 121  41
  56 122  34
  57 123  28
  58 124  22
  60 125  16
  62 126   9
  63 127   3
  65 128   0
  66 129   0
  67 130   0
  69 131   0
  71 132   0
  72 133   0
  74 134   0
  75 135   0
  77 136   0
  78 137   0
  80 138   0
  81 139   0
  83 140   0
  84 141   0
  86 142   0
  87 143   0
  89 144   0
  90 145   0
  91 146   0
  93 147   0
  95 148   0
  96 149   0
  98 150   0
  99 151   0
 100 152   0
 102 153   0
 103 154   0
 105 155   0
 107 156   0
 108 157   0
 110 158   0
 111 159   0
 113 160   0
 114 161   0
 115 162   0
 117 163   0
 119 164   0
 120 165   0
 122 166   0
 123 167   0
 125 168   0
 126 169   0
 128 170   0
 129 171   0
 131 172   0
 132 173   0
 133 174   0
 135 175   0
 136 176   0
 138 177   0
 139 178   0
 141 179   0
 143 180   0
 144 181   0
 146 182   0
 147 183   0
 148 184   0
 150 185   0
 151 186   0
 153 187   0
 155 188   0
 156 189   0
 158 190   0
 159 191   0
 161 192   0
 162 193   0
 163 194   0
 165 195   0
 167 196   0
 168 197   0
 170 198   0
 171 199   0
 173 200   0
 174 201   0
 176 202   0
 177 203   0
 179 204   0
 180 205   0
 182 206   0
 183 207   0
 185 208   0
 186 209   0
 188 210   0
 189 211   0
 191 212   0
 192 213   0
 194 214   0
 195 215   0
 196 216   0
 198 217   0
 199 218   0
 201 219   0
 203 220   0
 204 221   0
 206 222   0
 207 223   0
 209 224   0
 210 225   0
 211 226   0
 213 227   0
 215 228   0
 216 229   0
 218 230   0
 219 231   0
 221 232   0
 222 233   0
 224 234   0
 225 235   0
 227 236   0
 228 237   0
 229 238   0
 231 239   0
 232 240   0
 234 241   0
 235 242   0
 237 243   0
 239 244   0
 240 245   0
 242 246   0
 243 247   0
 244 248   0
 246 249   0
 247 250   0
 249 251   0
 251 252   0
 252 253   0
 254 254   0
 255 255   0
