   0   0 143
   0   0 147
   0   0 151
   0   0 155
   0   0 159
   0   0 163
   0   0 167
   0   0 171
   0   0 175
   0   0 179
   0   0 183
   0   0 186
   0   0 190
   0   0 194
   0   0 198
   0   0 202
   0   0 206
   0   0 210
   0   0 214
   0   0 218
   0   0 222
   0   0 226
   0   0 230
   0   0 234
   0   0 238
   0   0 242
   0   0 246
   0   0 250
   0   0 254
   0   3 255
   0   7 255
   0  11 255
   0  14 255
   0  18 255
   0  22 255
   0  26 255
   0  30 255
   0  34 255
   0  38 255
   0  42 255
   0  46 255
   0  50 255
   0  54 255
   0  58 255
   0  62 255
   0  66 255
   0  70 255
   0  74 255
   0  77 255
   0  81 255
   0  85 255
   0  89 255
   0  93 255
   0  97 255
   0 101 255
   0 105 255
   0 109 255
   0 113 255
   0 117 255
   0 121 255
   0 125 255
   0 129 255
   0 133 255
   0 137 255
   0 140 255
   0 144 255
   0 148 255
   0 152 255
   0 156 255
   0 160 255
   0 164 255
   0 168 255
   0 172 255
   0 176 255
   0 180 255
   0 184 255
   0 188 255
   0 192 255
   0 196 255
   0 200 255
   0 203 255
   0 207 255
   0 211 255
   0 215 255
   0 219 255
   0 223 255
   0 227 255
   0 231 255
   0 235 255
   0 239 255
   0 243 255
   0 247 255
   0 251 255
   0 255 255
   4 255 251
   8 255 247
  11 255 244
  15 255 240
  19 255 236
  23 255 232
  27 255 228
  31 255 224
  35 255 220
  39 255 216
  43 255 212
  47 255 208
  51 255 204
  55 255 200
  59 255 196
  63 255 192
  67 255 188
  71 255 184
  74 255 181
  78 255 177
  82 255 173
  86 255 169
  90 255 165
  94 255 161
  98 255 157
 102 255 153
 106 255 149
 110 255 145
 114 255 141
 118 255 137
 122 255 133
 126 255 129
 130 255 125
 134 255 122
 137 255 118
 141 255 114
 145 255 110
 149 255 106
 153 255 102
 157 255  98
 161 255  94
 165 255  90
 169 255  86
 173 255  82
 177 255  78
 181 255  74
 185 255  70
 189 255  66
 193 255  62
 196 255  59
 200 255  55
 204 255  51
 208 255  47
 212 255  43
 216 255  39
 220 255  35
 224 255  31
 228 255  27
 232 255  23
 236 255  19
 240 255  15
 244 255  11
 248 255   7
 252 255   3
 255 254   0
 255 251   0
 255 247   0
 255 243   0
 255 239   0
 255 235   0
 255 231   0
 255 227   0
 255 223   0
 255 219   0
 255 215   0
 255 211   0
 255 207   0
 255 203   0
 255 199   0
 255 195   0
 255 191   0
 255 188   0
 255 184   0
 255 180   0
 255 176   0
 255 172   0
 255 168   0
 255 164   0
 255 160   0
 255 156   0
 255 152   0
 255 148   0
 255 144   0
 255 140   0
 255 136   0
 255 132   0
 255 128   0
 255 125   0
 255 121   0
 255 117   0
 255 113   0
 255 109   0
 255 105   0
 255 101   0
 255  97   0
 255  93   0
 255  89   0
 255  85   0
 255  81   0
 255  77   0
 255  73   0
 255  69   0
 255  65   0
 255  62   0
 255  58   0
 255  54   0
 255  50   0
 255  46   0
 255  42   0
 255  38   0
 255  34   0
 255  30   0
 255  26   0
 255  22   0
 255  18   0
 255  14   0
 255  10   0
 255   6   0
 255   2   0
 254   0   0
 250   0   0
 246   0   0
 242   0   0
 238   0   0
 234   0   0
 230   0   0
 226   0   0
 222   0   0
 218   0   0
 214   0   0
 210   0   0
 206   0   0
 203   0   0
 199   0   0
 195   0   0
 191   0   0
 187   0   0
 183   0   0
 179   0   0
 175   0   0
 171   0   0
 167   0   0
 163   0   0
 159   0   0
 155   0   0
 152   0   0
 148   0   0
 144   0   0
 140   0   0
 136   0   0
 132   0   0
 128   0   0
