000 000 000
020 000 000
040 000 000
060 000 000
080 000 000
100 000 000
120 000 000
140 000 000
160 000 000
180 000 000
200 000 000
220 000 000
240 000 000
255 001 000
255 004 000
255 006 000
255 009 000
255 012 000
255 015 000
255 018 000
255 021 000
255 024 000
255 026 000
255 029 000
255 032 000
255 035 000
255 038 000
255 041 000
255 044 000
255 046 000
255 049 000
255 052 000
255 055 000
255 058 000
255 061 000
255 064 000
255 066 000
255 069 000
255 072 000
255 075 000
255 078 000
255 081 000
255 084 000
255 086 000
255 089 000
255 092 000
255 095 000
255 098 000
255 101 000
255 104 000
255 106 000
255 109 000
255 112 000
255 115 000
255 118 000
255 121 000
255 124 000
255 126 000
255 129 000
255 132 000
255 135 000
255 138 000
255 141 000
255 144 000
255 146 000
255 149 000
255 152 000
255 155 000
255 158 000
255 161 000
255 164 000
255 166 000
255 169 000
255 172 000
255 175 000
255 178 000
255 181 000
255 184 000
255 186 000
255 189 000
255 192 000
255 195 000
255 198 000
255 201 000
255 204 000
255 206 000
255 209 000
255 212 000
255 215 000
255 218 000
255 221 000
255 224 000
255 226 000
255 229 000
255 232 000
255 235 000
255 238 000
255 241 000
255 244 000
255 246 000
255 249 000
255 252 000
255 255 000
250 255 005
245 255 010
240 255 015
235 255 020
230 255 025
225 255 030
220 255 035
215 255 040
210 255 045
205 255 050
200 255 055
195 255 060
190 255 065
185 255 070
180 255 075
175 255 080
170 255 085
165 255 090
160 255 095
155 255 100
150 255 105
145 255 110
140 255 115
135 255 120
130 255 125
125 255 130
120 255 135
115 255 140
110 255 145
105 255 150
100 255 155
095 255 160
090 255 165
085 255 170
080 255 175
075 255 180
070 255 185
065 255 190
060 255 195
055 255 200
050 255 205
045 255 210
040 255 215
035 255 220
030 255 225
025 255 230
020 255 235
015 255 240
010 255 245
005 255 250
000 255 255
000 252 255
000 249 255
000 246 255
000 244 255
000 241 255
000 238 255
000 235 255
000 232 255
000 229 255
000 226 255
000 224 255
000 221 255
000 218 255
000 215 255
000 212 255
000 209 255
000 206 255
000 204 255
000 201 255
000 198 255
000 195 255
000 192 255
000 189 255
000 186 255
000 184 255
000 181 255
000 178 255
000 175 255
000 172 255
000 169 255
000 166 255
000 164 255
000 161 255
000 158 255
000 155 255
000 152 255
000 149 255
000 146 255
000 144 255
000 141 255
000 138 255
000 135 255
000 132 255
000 129 255
000 126 255
000 124 255
000 121 255
000 118 255
000 115 255
000 112 255
000 109 255
000 106 255
000 104 255
000 101 255
000 098 255
000 095 255
000 092 255
000 089 255
000 086 255
000 084 255
000 081 255
000 078 255
000 075 255
000 072 255
000 069 255
000 066 255
000 064 255
000 061 255
000 058 255
000 055 255
000 052 255
000 049 255
000 046 255
000 044 255
000 041 255
000 038 255
000 035 255
000 032 255
000 029 255
000 026 255
000 024 255
000 021 255
000 018 255
000 015 255
000 012 255
000 009 255
000 006 255
000 004 255
000 001 255
015 015 255
035 035 255
055 055 255
075 075 255
095 095 255
115 115 255
135 135 255
155 155 255
175 175 255
195 195 255
215 215 255
235 235 255
255 255 255
