 255 255 255
 235 235 255
 215 215 255
 195 195 255
 175 175 255
 155 155 255
 135 135 255
 115 115 255
  95  95 255
  75  75 255
  55  55 255
  35  35 255
  15  15 255
   0   1 255
   0   4 255
   0   6 255
   0   9 255
   0  12 255
   0  15 255
   0  18 255
   0  21 255
   0  24 255
   0  26 255
   0  29 255
   0  32 255
   0  35 255
   0  38 255
   0  41 255
   0  44 255
   0  46 255
   0  49 255
   0  52 255
   0  55 255
   0  58 255
   0  61 255
   0  64 255
   0  66 255
   0  69 255
   0  72 255
   0  75 255
   0  78 255
   0  81 255
   0  84 255
   0  86 255
   0  89 255
   0  92 255
   0  95 255
   0  98 255
   0 101 255
   0 104 255
   0 106 255
   0 109 255
   0 112 255
   0 115 255
   0 118 255
   0 121 255
   0 124 255
   0 126 255
   0 129 255
   0 132 255
   0 135 255
   0 138 255
   0 141 255
   0 144 255
   0 146 255
   0 149 255
   0 152 255
   0 155 255
   0 158 255
   0 161 255
   0 164 255
   0 166 255
   0 169 255
   0 172 255
   0 175 255
   0 178 255
   0 181 255
   0 184 255
   0 186 255
   0 189 255
   0 192 255
   0 195 255
   0 198 255
   0 201 255
   0 204 255
   0 206 255
   0 209 255
   0 212 255
   0 215 255
   0 218 255
   0 221 255
   0 224 255
   0 226 255
   0 229 255
   0 232 255
   0 235 255
   0 238 255
   0 241 255
   0 244 255
   0 246 255
   0 249 255
   0 252 255
   0 255 255
   5 255 250
  10 255 245
  15 255 240
  20 255 235
  25 255 230
  30 255 225
  35 255 220
  40 255 215
  45 255 210
  50 255 205
  55 255 200
  60 255 195
  65 255 190
  70 255 185
  75 255 180
  80 255 175
  85 255 170
  90 255 165
  95 255 160
 100 255 155
 105 255 150
 110 255 145
 115 255 140
 120 255 135
 125 255 130
 130 255 125
 135 255 120
 140 255 115
 145 255 110
 150 255 105
 155 255 100
 160 255  95
 165 255  90
 170 255  85
 175 255  80
 180 255  75
 185 255  70
 190 255  65
 195 255  60
 200 255  55
 205 255  50
 210 255  45
 215 255  40
 220 255  35
 225 255  30
 230 255  25
 235 255  20
 240 255  15
 245 255  10
 250 255   5
 255 255   0
 255 252   0
 255 249   0
 255 246   0
 255 244   0
 255 241   0
 255 238   0
 255 235   0
 255 232   0
 255 229   0
 255 226   0
 255 224   0
 255 221   0
 255 218   0
 255 215   0
 255 212   0
 255 209   0
 255 206   0
 255 204   0
 255 201   0
 255 198   0
 255 195   0
 255 192   0
 255 189   0
 255 186   0
 255 184   0
 255 181   0
 255 178   0
 255 175   0
 255 172   0
 255 169   0
 255 166   0
 255 164   0
 255 161   0
 255 158   0
 255 155   0
 255 152   0
 255 149   0
 255 146   0
 255 144   0
 255 141   0
 255 138   0
 255 135   0
 255 132   0
 255 129   0
 255 126   0
 255 124   0
 255 121   0
 255 118   0
 255 115   0
 255 112   0
 255 109   0
 255 106   0
 255 104   0
 255 101   0
 255  98   0
 255  95   0
 255  92   0
 255  89   0
 255  86   0
 255  84   0
 255  81   0
 255  78   0
 255  75   0
 255  72   0
 255  69   0
 255  66   0
 255  64   0
 255  61   0
 255  58   0
 255  55   0
 255  52   0
 255  49   0
 255  46   0
 255  44   0
 255  41   0
 255  38   0
 255  35   0
 255  32   0
 255  29   0
 255  26   0
 255  24   0
 255  21   0
 255  18   0
 255  15   0
 255  12   0
 255   9   0
 255   6   0
 255   4   0
 255   1   0
 240   0   0
 220   0   0
 200   0   0
 180   0   0
 160   0   0
 140   0   0
 120   0   0
 100   0   0
  80   0   0
  60   0   0
  40   0   0
  20   0   0
   0   0   0
