 128   0   0
 128   2   1
 128   3   2
 128   5   3
 128   6   4
 128   8   5
 128   9   6
 128  11   7
 128  13   8
 128  14   9
 128  16  10
 128  17  11
 128  19  12
 128  20  13
 128  22  14
 128  24  15
 128  25  16
 128  27  17
 128  28  18
 128  30  19
 128  31  20
 128  33  21
 128  34  22
 128  36  23
 128  38  24
 128  39  25
 128  41  26
 128  42  27
 128  44  28
 128  45  29
 128  47  30
 128  48  31
 128  50  32
 128  51  33
 128  53  34
 128  55  35
 128  56  36
 128  58  37
 128  59  38
 128  61  39
 128  62  40
 128  64  41
 128  65  42
 128  67  43
 128  68  44
 128  70  45
 128  71  46
 128  73  47
 128  74  48
 128  76  49
 128  77  50
 128  79  51
 128  80  52
 128  82  53
 128  83  54
 128  85  55
 128  86  56
 128  88  57
 128  89  58
 128  91  59
 128  92  60
 128  94  61
 128  95  62
 128  96  63
 128  98  64
 128  99  65
 128 101  66
 128 102  67
 128 104  68
 128 105  69
 128 107  70
 128 108  71
 128 109  72
 128 111  73
 128 112  74
 128 114  75
 128 115  76
 128 116  77
 128 118  78
 128 119  79
 128 121  80
 128 122  81
 128 123  82
 128 125  83
 128 126  84
 128 127  85
 128 129  86
 128 130  87
 128 132  88
 128 133  89
 128 134  90
 128 136  91
 128 137  92
 128 138  93
 128 140  94
 128 141  95
 128 142  96
 128 143  97
 128 145  98
 128 146  99
 128 147 100
 128 149 101
 128 150 102
 128 151 103
 128 152 104
 128 154 105
 128 155 106
 128 156 107
 128 157 108
 128 159 109
 128 160 110
 128 161 111
 128 162 112
 128 164 113
 128 165 114
 128 166 115
 128 167 116
 128 168 117
 128 169 118
 128 171 119
 128 172 120
 128 173 121
 128 174 122
 128 175 123
 128 176 124
 128 178 125
 128 179 126
 128 180 127
 128 181 128
 128 182 129
 128 183 130
 128 184 131
 128 185 132
 128 186 133
 128 187 134
 128 188 135
 128 190 136
 128 191 137
 128 192 138
 128 193 139
 128 194 140
 128 195 141
 128 196 142
 128 197 143
 128 198 144
 128 199 145
 128 200 146
 128 201 147
 128 202 148
 128 203 149
 128 203 150
 128 204 151
 128 205 152
 128 206 153
 128 207 154
 128 208 155
 128 209 156
 128 210 157
 128 211 158
 128 212 159
 128 213 160
 128 213 161
 128 214 162
 128 215 163
 128 216 164
 128 217 165
 128 218 166
 128 218 167
 128 219 168
 128 220 169
 128 221 170
 128 222 171
 128 222 172
 128 223 173
 128 224 174
 128 225 175
 128 225 176
 128 226 177
 128 227 178
 128 228 179
 128 228 180
 128 229 181
 128 230 182
 128 230 183
 128 231 184
 128 232 185
 128 232 186
 128 233 187
 128 234 188
 128 234 189
 128 235 190
 128 235 191
 128 236 192
 128 237 193
 128 237 194
 128 238 195
 128 238 196
 128 239 197
 128 239 198
 128 240 199
 128 241 200
 128 241 201
 128 242 202
 128 242 203
 128 243 204
 128 243 205
 128 243 206
 128 244 207
 128 244 208
 128 245 209
 128 245 210
 128 246 211
 128 246 212
 128 247 213
 128 247 214
 128 247 215
 128 248 216
 128 248 217
 128 248 218
 128 249 219
 128 249 220
 128 249 221
 128 250 222
 128 250 223
 128 250 224
 128 251 225
 128 251 226
 128 251 227
 128 251 228
 128 252 229
 128 252 230
 128 252 231
 128 252 232
 128 253 233
 128 253 234
 128 253 235
 128 253 236
 128 253 237
 128 254 238
 128 254 239
 128 254 240
 128 254 241
 128 254 242
 128 254 243
 128 254 244
 128 255 245
 128 255 246
 128 255 247
 128 255 248
 128 255 249
 128 255 250
 128 255 251
 128 255 252
 128 255 253
 128 255 254
 128 255 255
