 255 245 235
 255 245 234
 255 244 233
 255 244 233
 255 243 232
 255 243 231
 255 243 230
 255 242 229
 255 242 229
 255 241 228
 255 241 227
 255 240 226
 255 240 225
 255 240 225
 255 239 224
 255 239 223
 255 238 222
 255 238 221
 255 238 221
 254 237 220
 254 237 219
 254 236 218
 254 236 217
 254 236 217
 254 235 216
 254 235 215
 254 234 214
 254 234 214
 254 233 213
 254 233 212
 254 233 211
 254 232 210
 254 232 210
 254 231 209
 254 231 208
 254 231 207
 254 230 206
 254 230 205
 254 229 204
 254 228 203
 254 228 202
 254 227 200
 254 227 199
 254 226 198
 254 225 197
 254 225 196
 254 224 194
 254 224 193
 254 223 192
 254 222 191
 254 222 190
 254 221 188
 254 221 187
 254 220 186
 254 219 185
 253 219 184
 253 218 182
 253 218 181
 253 217 180
 253 216 179
 253 216 178
 253 215 176
 253 215 175
 253 214 174
 253 213 173
 253 213 171
 253 212 170
 253 212 169
 253 211 168
 253 210 167
 253 210 165
 253 209 164
 253 209 163
 253 208 162
 253 207 160
 253 206 159
 253 205 157
 253 204 156
 253 203 154
 253 202 153
 253 201 151
 253 200 150
 253 199 148
 253 199 147
 253 198 145
 253 197 144
 253 196 142
 253 195 141
 253 194 139
 253 193 138
 253 192 136
 253 191 135
 253 190 133
 253 189 132
 253 188 130
 253 187 129
 253 186 127
 253 185 126
 253 185 124
 253 184 123
 253 183 121
 253 182 120
 253 181 118
 253 180 116
 253 179 115
 253 178 113
 253 177 112
 253 176 110
 253 175 109
 253 174 107
 253 173 106
 253 172 105
 253 172 103
 253 171 102
 253 170 101
 253 169 100
 253 168  98
 253 167  97
 253 166  96
 253 165  94
 253 164  93
 253 163  92
 253 162  91
 253 162  89
 253 161  88
 253 160  87
 253 159  85
 253 158  84
 253 157  83
 253 156  82
 253 155  80
 253 154  79
 253 153  78
 253 153  76
 253 152  75
 253 151  74
 253 150  73
 253 149  71
 253 148  70
 253 147  69
 253 146  67
 253 145  66
 253 144  65
 253 143  64
 253 143  62
 253 142  61
 253 141  60
 253 140  59
 252 139  57
 252 138  56
 252 137  55
 251 136  54
 251 135  53
 251 134  52
 250 133  51
 250 132  50
 250 131  48
 249 130  47
 249 129  46
 249 128  45
 248 127  44
 248 126  43
 248 125  42
 247 124  41
 247 123  39
 247 122  38
 246 121  37
 246 120  36
 246 119  35
 245 118  34
 245 117  33
 245 116  32
 244 115  30
 244 114  29
 244 113  28
 243 112  27
 243 111  26
 243 110  25
 242 109  24
 242 108  23
 242 107  21
 241 106  20
 241 105  19
 240 104  19
 240 103  18
 239 102  18
 238 102  17
 238 101  17
 237 100  16
 236  99  16
 236  98  15
 235  97  15
 235  96  14
 234  95  14
 233  94  13
 233  93  13
 232  92  12
 231  92  12
 231  91  11
 230  90  11
 229  89  10
 229  88  10
 228  87   9
 227  86   9
 227  85   8
 226  84   8
 225  83   7
 225  82   7
 224  82   6
 223  81   6
 223  80   5
 222  79   5
 221  78   4
 221  77   4
 220  76   3
 219  75   3
 219  74   2
 218  73   2
 217  73   1
 216  72   1
 214  71   1
 212  70   1
 210  69   1
 208  69   1
 206  68   1
 203  67   2
 201  66   2
 199  66   2
 197  65   2
 195  64   2
 193  64   2
 191  63   2
 189  62   2
 187  61   2
 184  61   2
 182  60   2
 180  59   2
 178  58   3
 176  58   3
 174  57   3
 172  56   3
 170  55   3
 167  55   3
 165  54   3
 163  53   3
 161  52   3
 159  52   3
 157  51   3
 155  50   3
 153  49   4
 151  49   4
 148  48   4
 146  47   4
 144  46   4
 142  46   4
 140  45   4
