 255 247 236
 255 247 235
 255 246 234
 255 246 233
 255 245 232
 255 245 231
 255 245 230
 255 244 229
 255 244 228
 255 243 227
 255 243 226
 255 242 225
 255 242 224
 255 242 223
 255 241 222
 255 241 221
 255 240 220
 255 240 219
 255 240 218
 254 239 217
 254 239 216
 254 238 215
 254 238 214
 254 238 213
 254 237 212
 254 237 211
 254 236 210
 254 236 209
 254 235 208
 254 235 207
 254 235 206
 254 234 205
 254 234 204
 254 233 203
 254 233 202
 254 233 201
 254 232 200
 254 232 199
 254 231 198
 254 231 197
 254 230 196
 254 229 195
 254 229 194
 254 228 192
 254 228 191
 254 227 190
 254 227 189
 254 226 188
 254 226 187
 254 225 186
 254 225 184
 254 224 183
 254 223 182
 254 223 181
 254 222 180
 253 222 179
 253 221 177
 253 221 176
 253 220 175
 253 220 174
 253 219 173
 253 219 172
 253 218 171
 253 217 169
 253 217 168
 253 216 167
 253 216 166
 253 215 165
 253 215 164
 253 214 162
 253 214 161
 253 213 160
 253 212 159
 253 212 158
 253 211 157
 253 211 156
 253 210 156
 253 209 155
 253 208 154
 253 208 154
 253 207 153
 253 206 152
 253 206 151
 253 205 151
 253 204 150
 253 204 149
 253 203 149
 253 202 148
 253 202 147
 253 201 146
 253 200 146
 253 200 145
 253 199 144
 253 198 144
 253 197 143
 253 197 142
 253 196 141
 253 195 141
 253 195 140
 253 194 139
 253 193 139
 253 193 138
 253 192 137
 253 191 136
 253 191 136
 253 190 135
 253 189 134
 253 189 134
 253 188 133
 253 187 132
 253 186 131
 253 185 130
 253 184 129
 253 182 128
 253 181 126
 253 180 125
 253 179 124
 253 177 123
 253 176 122
 253 175 121
 253 173 119
 253 172 118
 253 171 117
 253 170 116
 253 168 115
 253 167 113
 253 166 112
 253 165 111
 252 163 110
 252 162 109
 252 161 108
 252 160 106
 252 158 105
 252 157 104
 252 156 103
 252 155 102
 252 153 100
 252 152  99
 252 151  98
 252 149  97
 252 148  96
 252 147  95
 252 146  93
 252 144  92
 252 143  91
 252 142  90
 252 141  89
 252 140  88
 251 138  88
 251 137  87
 250 136  87
 250 135  87
 250 134  86
 249 133  86
 249 132  85
 249 131  85
 248 130  84
 248 129  84
 248 128  83
 247 126  83
 247 125  82
 247 124  82
 246 123  81
 246 122  81
 245 121  80
 245 120  80
 245 119  80
 244 118  79
 244 117  79
 244 115  78
 243 114  78
 243 113  77
 243 112  77
 242 111  76
 242 110  76
 242 109  75
 241 108  75
 241 107  74
 240 106  74
 240 104  73
 240 103  73
 239 102  73
 239 101  72
 238 100  71
 238  98  70
 237  97  69
 236  95  68
 236  94  67
 235  92  65
 234  91  64
 234  90  63
 233  88  62
 233  87  61
 232  85  60
 231  84  59
 231  82  58
 230  81  56
 229  79  55
 229  78  54
 228  76  53
 227  75  52
 227  74  51
 226  72  50
 225  71  49
 225  69  47
 224  68  46
 223  66  45
 223  65  44
 222  63  43
 221  62  42
 221  60  41
 220  59  40
 219  58  38
 219  56  37
 218  55  36
 217  53  35
 217  52  34
 216  50  33
 215  49  32
 214  47  31
 213  46  30
 211  45  29
 209  43  28
 207  42  27
 206  41  26
 204  40  26
 202  38  25
 201  37  24
 199  36  23
 197  34  22
 196  33  21
 194  32  20
 192  30  20
 190  29  19
 189  28  18
 187  26  17
 185  25  16
 184  24  15
 182  22  14
 180  21  14
 179  20  13
 177  18  12
 175  17  11
 173  16  10
 172  14   9
 170  13   9
 168  12   8
 167  11   7
 165   9   6
 163   8   5
 162   7   4
 160   5   3
 158   4   3
 156   3   2
 155   1   1
 153   0   0
