 166 206 227
 162 204 226
 159 201 224
 155 199 223
 151 197 222
 147 194 221
 144 192 219
 140 189 218
 136 187 217
 133 185 215
 129 182 214
 125 180 213
 122 178 212
 118 175 210
 114 173 209
 110 171 208
 107 168 206
 103 166 205
  99 164 204
  96 161 202
  92 159 201
  88 156 200
  84 154 199
  81 152 197
  77 149 196
  73 147 195
  70 145 193
  66 142 192
  62 140 191
  59 138 190
  55 135 188
  51 133 187
  47 130 186
  44 128 184
  40 126 183
  36 123 182
  33 121 181
  33 122 179
  37 124 178
  41 127 177
  45 130 176
  49 133 175
  53 136 174
  58 139 172
  62 141 171
  66 144 170
  70 147 169
  74 150 168
  78 153 167
  82 156 166
  86 158 164
  90 161 163
  94 164 162
  98 167 161
 102 170 160
 106 173 159
 110 175 157
 114 178 156
 118 181 155
 122 184 154
 126 187 153
 130 189 152
 134 192 151
 138 195 149
 142 198 148
 146 201 147
 150 204 146
 154 206 145
 158 209 144
 162 212 142
 166 215 141
 171 218 140
 175 221 139
 178 223 138
 174 221 135
 171 219 132
 167 218 130
 164 216 127
 160 214 125
 157 212 122
 153 211 120
 150 209 117
 146 207 114
 143 205 112
 139 204 109
 136 202 107
 132 200 104
 129 199 102
 125 197  99
 122 195  96
 118 193  94
 115 192  91
 111 190  89
 108 188  86
 104 186  83
 101 185  81
  97 183  78
  94 181  76
  90 180  73
  87 178  71
  83 176  68
  80 174  65
  76 173  63
  73 171  60
  69 169  58
  66 167  55
  62 166  52
  59 164  50
  55 162  47
  52 160  45
  55 160  46
  60 160  49
  66 160  52
  71 159  55
  77 159  58
  82 159  61
  88 159  64
  93 159  67
  99 159  70
 104 158  73
 110 158  76
 115 158  79
 121 158  82
 126 158  85
 132 158  88
 137 157  91
 143 157  94
 148 157  97
 154 157 100
 159 157 103
 165 157 106
 170 156 109
 176 156 112
 181 156 115
 187 156 118
 192 156 121
 198 156 124
 203 155 127
 209 155 130
 214 155 133
 220 155 136
 225 155 139
 231 155 142
 236 154 145
 242 154 148
 247 154 151
 251 153 152
 250 149 149
 249 146 145
 249 142 142
 248 139 138
 248 135 135
 247 132 131
 246 128 128
 246 125 125
 245 121 121
 244 118 118
 244 114 114
 243 111 111
 242 107 107
 242 104 104
 241 100 101
 240  97  97
 240  93  94
 239  90  90
 238  86  87
 238  83  83
 237  79  80
 236  76  77
 236  72  73
 235  69  70
 234  65  66
 234  62  63
 233  58  59
 232  55  56
 232  51  53
 231  48  49
 230  44  46
 230  41  42
 229  37  39
 228  34  35
 228  30  32
 227  27  28
 228  30  30
 228  34  32
 229  39  35
 230  43  37
 230  48  39
 231  53  41
 232  57  44
 233  62  46
 233  66  48
 234  71  50
 235  75  53
 235  80  55
 236  84  57
 237  89  60
 238  93  62
 238  98  64
 239 102  66
 240 107  69
 240 111  71
 241 116  73
 242 120  76
 243 125  78
 243 130  80
 244 134  82
 245 139  85
 245 143  87
 246 148  89
 247 152  91
 248 157  94
 248 161  96
 249 166  98
 250 170 101
 250 175 103
 251 179 105
 252 184 107
 253 188 110
 253 190 110
 253 188 107
 253 187 104
 253 185 101
 253 183  98
 253 181  94
 253 180  91
 253 178  88
 253 176  85
 254 174  82
 254 173  79
 254 171  76
 254 169  73
 254 167  70
 254 166  67
 254 164  64
 254 162  61
 254 160  58
 254 159  55
 254 157  52
 254 155  49
 254 153  46
 254 152  43
 254 150  40
 254 148  37
 254 146  34
 254 145  30
 255 143  27
 255 141  24
 255 139  21
 255 138  18
 255 136  15
 255 134  12
 255 132   9
 255 131   6
 255 129   3
 255 127   0
