 255 255 255
 248 247 251
 241 240 247
 234 232 242
 226 225 238
 219 217 234
 212 210 230
 205 202 225
 198 195 221
 191 187 217
 184 180 213
 177 172 208
 169 165 204
 162 157 200
 155 150 196
 148 142 191
 141 135 187
 134 127 183
 127 120 179
 120 112 175
 112 105 170
 105  97 166
  98  90 162
  91  82 158
  84  75 153
  77  67 149
  70  60 145
  63  52 141
  55  45 136
  52  43 137
  50  45 140
  48  47 143
  47  49 147
  45  51 150
  43  53 153
  41  55 156
  39  57 159
  38  59 163
  36  61 166
  34  63 169
  32  65 172
  31  67 175
  29  69 178
  27  72 182
  25  74 185
  24  76 188
  22  78 191
  20  80 194
  18  82 197
  17  84 201
  15  86 204
  13  88 207
  11  90 210
   9  92 213
   8  94 217
   6  96 220
   4  98 223
   3  99 225
   4 101 224
   4 102 224
   5 103 223
   6 104 223
   6 105 223
   7 107 222
   7 108 222
   8 109 221
   9 110 221
   9 111 220
  10 113 220
  10 114 219
  11 115 219
  12 116 218
  12 117 218
  13 119 218
  13 120 217
  14 121 217
  15 122 216
  15 123 216
  16 125 215
  16 126 215
  17 127 214
  18 128 214
  18 129 213
  19 131 213
  19 132 212
  20 133 212
  20 134 212
  19 135 211
  19 137 211
  18 138 210
  18 139 210
  17 140 209
  17 141 209
  16 143 208
  16 144 208
  15 145 207
  15 146 207
  14 147 206
  14 149 206
  13 150 205
  13 151 205
  12 152 204
  12 153 204
  11 155 203
  11 156 203
  10 157 202
  10 158 202
   9 159 201
   9 161 201
   8 162 200
   8 163 200
   7 164 199
   7 165 199
   6 167 198
   7 167 197
   9 168 196
  11 169 194
  12 169 193
  14 170 191
  16 171 190
  18 171 189
  20 172 187
  21 173 186
  23 173 184
  25 174 183
  27 174 182
  28 175 180
  30 176 179
  32 176 177
  34 177 176
  35 178 174
  37 178 173
  39 179 172
  41 179 170
  42 180 169
  44 181 167
  46 181 166
  48 182 165
  50 183 163
  51 183 162
  53 184 160
  55 185 159
  57 185 157
  60 185 156
  63 185 154
  67 186 153
  70 186 151
  73 186 150
  76 186 148
  79 187 147
  82 187 145
  86 187 144
  89 187 142
  92 187 141
  95 188 139
  98 188 138
 102 188 136
 105 188 135
 108 188 133
 111 189 132
 114 189 130
 117 189 129
 121 189 127
 124 190 126
 127 190 124
 130 190 123
 133 190 121
 136 190 120
 140 191 118
 143 191 117
 146 191 115
 149 191 114
 151 191 113
 154 190 112
 156 190 111
 159 190 110
 161 190 109
 164 190 108
 166 190 107
 169 189 106
 171 189 105
 174 189 104
 176 189 103
 179 189 102
 181 189 101
 184 188 100
 186 188  99
 189 188  98
 191 188  97
 194 188  96
 196 187  95
 199 187  94
 201 187  92
 204 187  91
 206 187  90
 209 187  89
 211 186  88
 214 186  87
 216 186  86
 218 186  85
 219 187  84
 220 188  82
 222 189  81
 223 189  79
 224 190  78
 225 191  77
 226 191  75
 228 192  74
 229 193  72
 230 194  71
 231 194  70
 233 195  68
 234 196  67
 235 196  65
 236 197  64
 238 198  62
 239 198  61
 240 199  60
 241 200  58
 243 201  57
 244 201  55
 245 202  54
 246 203  53
 247 203  51
 249 204  50
 250 205  48
 251 206  47
 252 207  46
 252 208  44
 252 210  43
 252 211  42
 252 213  41
 251 214  40
 251 216  39
 251 218  38
 251 219  37
 251 221  35
 251 222  34
 251 224  33
 251 226  32
 251 227  31
 250 229  30
 250 230  29
 250 232  28
 250 234  26
 250 235  25
 250 237  24
 250 238  23
 250 240  22
 250 241  21
 250 243  20
 249 245  19
 249 246  17
 249 248  16
 249 249  15
 249 251  14
