  53  42 135
  51  44 138
  50  46 141
  48  47 143
  47  49 146
  45  51 149
  44  53 152
  42  55 155
  40  56 158
  39  58 160
  37  60 163
  36  62 166
  34  63 169
  33  65 172
  31  67 175
  29  69 177
  28  71 180
  26  72 183
  25  74 186
  23  76 189
  22  78 191
  20  80 194
  18  81 197
  17  83 200
  15  85 203
  14  87 206
  12  88 208
  11  90 211
   9  92 214
   8  94 217
   6  96 220
   4  97 223
   3  99 225
   4 100 225
   4 101 224
   5 102 224
   5 103 223
   6 104 223
   6 106 223
   7 107 222
   7 108 222
   8 109 221
   8 110 221
   9 111 220
   9 112 220
  10 113 220
  11 114 219
  11 115 219
  12 116 218
  12 117 218
  13 118 218
  13 119 217
  14 120 217
  14 122 216
  15 123 216
  15 124 216
  16 125 215
  16 126 215
  17 127 214
  17 128 214
  18 129 214
  19 130 213
  19 131 213
  20 132 212
  20 133 212
  19 134 211
  19 135 211
  19 136 211
  18 138 210
  18 139 210
  17 140 209
  17 141 209
  16 142 208
  16 143 208
  15 144 207
  15 145 207
  15 146 207
  14 147 206
  14 148 206
  13 149 205
  13 150 205
  12 151 204
  12 152 204
  12 154 204
  11 155 203
  11 156 203
  10 157 202
  10 158 202
   9 159 201
   9 160 201
   8 161 200
   8 162 200
   8 163 200
   7 164 199
   7 165 199
   6 166 198
   7 167 198
   8 168 196
  10 168 195
  11 169 194
  13 169 193
  14 170 191
  16 171 190
  18 171 189
  19 172 187
  21 172 186
  22 173 185
  24 173 184
  25 174 182
  27 175 181
  29 175 180
  30 176 179
  32 176 177
  33 177 176
  35 177 175
  36 178 174
  38 179 172
  40 179 171
  41 180 170
  43 180 169
  44 181 167
  46 181 166
  47 182 165
  49 182 164
  51 183 162
  52 184 161
  54 184 160
  55 185 159
  57 185 157
  60 185 156
  63 185 155
  66 186 153
  69 186 152
  72 186 151
  74 186 149
  77 186 148
  80 187 147
  83 187 145
  86 187 144
  88 187 142
  91 187 141
  94 188 140
  97 188 138
 100 188 137
 103 188 136
 105 188 134
 108 188 133
 111 189 132
 114 189 130
 117 189 129
 120 189 128
 122 189 126
 125 190 125
 128 190 124
 131 190 122
 134 190 121
 136 190 120
 139 191 118
 142 191 117
 145 191 116
 147 191 114
 150 191 114
 152 191 113
 154 190 112
 156 190 111
 159 190 110
 161 190 109
 163 190 108
 165 190 107
 167 189 106
 170 189 105
 172 189 104
 174 189 104
 176 189 103
 179 189 102
 181 189 101
 183 188 100
 185 188  99
 187 188  98
 190 188  97
 192 188  96
 194 188  95
 196 187  94
 199 187  94
 201 187  93
 203 187  92
 205 187  91
 208 187  90
 210 187  89
 212 186  88
 214 186  87
 216 186  86
 218 186  85
 219 187  84
 220 188  83
 221 188  81
 222 189  80
 223 190  79
 224 190  78
 226 191  76
 227 191  75
 228 192  74
 229 193  73
 230 193  71
 231 194  70
 232 195  69
 233 195  67
 234 196  66
 235 197  65
 236 197  64
 238 198  62
 239 198  61
 240 199  60
 241 200  59
 242 200  57
 243 201  56
 244 202  55
 245 202  54
 246 203  52
 247 203  51
 249 204  50
 250 205  49
 251 205  47
 252 206  46
 252 207  45
 252 209  44
 252 210  43
 252 211  42
 252 213  41
 251 214  40
 251 216  39
 251 217  38
 251 219  37
 251 220  36
 251 221  35
 251 223  34
 251 224  33
 251 226  32
 251 227  31
 251 228  30
 250 230  29
 250 231  28
 250 233  27
 250 234  26
 250 235  25
 250 237  24
 250 238  23
 250 240  22
 250 241  21
 250 243  20
 249 244  19
 249 245  18
 249 247  17
 249 248  16
 249 250  15
 249 251  14
