 118  42 131
 119  44 132
 120  46 133
 121  48 134
 122  50 135
 123  52 136
 124  54 138
 125  55 139
 126  57 140
 127  59 141
 128  61 142
 129  63 143
 130  65 144
 130  67 145
 131  69 146
 132  71 147
 133  73 149
 134  75 150
 135  77 151
 136  79 152
 137  80 153
 138  82 154
 139  84 155
 140  86 156
 141  88 157
 142  90 158
 143  92 160
 144  94 161
 145  96 162
 146  98 163
 147 100 164
 148 102 165
 149 103 166
 150 105 167
 151 107 168
 152 109 169
 153 111 171
 154 113 172
 155 114 173
 156 116 174
 157 117 175
 158 119 176
 159 120 177
 160 122 177
 162 123 178
 163 124 179
 164 126 180
 165 127 181
 166 129 182
 167 130 183
 168 132 184
 169 133 185
 171 135 186
 172 136 187
 173 138 188
 174 139 189
 175 140 190
 176 142 191
 177 143 192
 178 145 193
 180 146 194
 181 148 195
 182 149 196
 183 151 197
 184 152 198
 185 154 199
 186 155 200
 187 156 201
 189 158 202
 190 159 203
 191 161 204
 192 162 205
 193 164 206
 194 165 207
 195 166 208
 196 168 208
 197 169 209
 198 170 210
 199 172 211
 200 173 211
 201 174 212
 202 176 213
 203 177 213
 204 178 214
 205 179 215
 206 181 215
 207 182 216
 208 183 217
 209 185 217
 210 186 218
 211 187 219
 212 188 219
 213 190 220
 214 191 221
 215 192 222
 216 194 222
 218 195 223
 219 196 224
 220 197 224
 221 199 225
 222 200 226
 223 201 226
 224 203 227
 225 204 228
 226 205 228
 227 206 229
 228 208 230
 229 209 230
 230 210 231
 231 212 232
 231 213 232
 230 213 231
 230 214 230
 230 215 230
 229 216 229
 229 216 229
 228 217 228
 228 218 228
 228 219 227
 227 219 226
 227 220 226
 226 221 225
 226 222 225
 226 223 224
 225 223 224
 225 224 223
 225 225 222
 224 226 222
 224 226 221
 223 227 221
 223 228 220
 223 229 219
 222 229 219
 222 230 218
 222 231 218
 221 232 217
 221 233 217
 220 233 216
 220 234 215
 220 235 215
 219 236 214
 219 236 214
 218 237 213
 218 238 213
 218 239 212
 217 239 211
 217 240 211
 215 239 209
 214 239 208
 212 238 206
 211 238 205
 210 237 204
 208 236 202
 207 236 201
 205 235 199
 204 235 198
 203 234 197
 201 233 195
 200 233 194
 198 232 192
 197 232 191
 196 231 190
 194 231 188
 193 230 187
 191 229 185
 190 229 184
 189 228 183
 187 228 181
 186 227 180
 184 227 178
 183 226 177
 182 225 176
 180 225 174
 179 224 173
 177 224 171
 176 223 170
 175 223 169
 173 222 167
 172 221 166
 170 221 164
 169 220 163
 168 220 162
 166 219 160
 164 218 159
 162 217 157
 160 215 155
 158 214 153
 156 213 152
 154 212 150
 152 211 148
 150 209 146
 148 208 145
 145 207 143
 143 206 141
 141 204 139
 139 203 138
 137 202 136
 135 201 134
 133 199 133
 131 198 131
 129 197 129
 127 196 127
 125 194 126
 122 193 124
 120 192 122
 118 191 120
 116 190 119
 114 188 117
 112 187 115
 110 186 114
 108 185 112
 106 183 110
 104 182 108
 102 181 107
 100 180 105
  97 178 103
  95 177 101
  93 176 100
  91 175  98
  89 173  97
  88 172  95
  86 170  94
  84 169  93
  82 167  92
  81 166  91
  79 164  90
  77 163  88
  75 162  87
  74 160  86
  72 159  85
  70 157  84
  69 156  83
  67 154  82
  65 153  80
  63 151  79
  62 150  78
  60 148  77
  58 147  76
  56 145  75
  55 144  73
  53 142  72
  51 141  71
  49 139  70
  48 138  69
  46 136  68
  44 135  67
  43 133  65
  41 132  64
  39 130  63
  37 129  62
  36 127  61
  34 126  60
  32 124  58
  30 123  57
  29 121  56
  27 120  55
