 255 247 251
 254 247 251
 254 246 251
 253 246 250
 253 245 250
 252 245 250
 252 244 250
 251 244 249
 251 243 249
 250 243 249
 250 243 249
 249 242 248
 249 242 248
 248 241 248
 248 241 248
 247 240 247
 247 240 247
 246 240 247
 246 239 247
 245 239 246
 245 238 246
 244 238 246
 244 237 246
 243 237 245
 242 236 245
 242 236 245
 241 236 245
 241 235 244
 240 235 244
 240 234 244
 239 234 244
 239 233 243
 238 233 243
 238 233 243
 237 232 243
 237 232 242
 236 231 242
 236 231 242
 235 230 241
 234 229 241
 233 229 241
 232 228 240
 232 228 240
 231 227 240
 230 226 240
 229 226 239
 229 225 239
 228 225 239
 227 224 238
 226 223 238
 226 223 238
 225 222 237
 224 222 237
 223 221 237
 222 220 236
 222 220 236
 221 219 236
 220 219 235
 219 218 235
 219 217 235
 218 217 234
 217 216 234
 216 216 234
 216 215 233
 215 214 233
 214 214 233
 213 213 232
 213 213 232
 212 212 232
 211 211 231
 210 211 231
 209 210 231
 209 210 230
 208 209 230
 207 208 230
 206 208 229
 204 207 229
 203 207 229
 202 206 228
 201 206 228
 200 205 228
 199 205 228
 197 204 227
 196 203 227
 195 203 227
 194 202 226
 193 202 226
 192 201 226
 191 201 225
 189 200 225
 188 200 225
 187 199 225
 186 198 224
 185 198 224
 184 197 224
 182 197 223
 181 196 223
 180 196 223
 179 195 222
 178 195 222
 177 194 222
 176 194 222
 174 193 221
 173 192 221
 172 192 221
 171 191 220
 170 191 220
 169 190 220
 167 190 219
 166 189 219
 165 189 219
 164 188 218
 162 188 218
 161 187 218
 160 186 217
 158 186 217
 157 185 217
 155 185 216
 154 184 216
 153 184 216
 151 183 215
 150 183 215
 149 182 215
 147 181 214
 146 181 214
 144 180 214
 143 180 213
 142 179 213
 140 179 213
 139 178 213
 138 178 212
 136 177 212
 135 177 212
 133 176 211
 132 175 211
 131 175 211
 129 174 210
 128 174 210
 127 173 210
 125 173 209
 124 172 209
 122 172 209
 121 171 208
 120 170 208
 118 170 208
 117 169 207
 116 169 207
 114 168 206
 112 167 206
 110 167 206
 109 166 205
 107 165 205
 105 165 204
 104 164 204
 102 163 204
 100 163 203
  98 162 203
  97 161 202
  95 161 202
  93 160 202
  92 159 201
  90 159 201
  88 158 200
  87 157 200
  85 156 199
  83 156 199
  81 155 199
  80 154 198
  78 154 198
  76 153 197
  75 152 197
  73 152 197
  71 151 196
  70 150 196
  68 150 195
  66 149 195
  64 148 195
  63 148 194
  61 147 194
  59 146 193
  58 145 193
  56 145 192
  54 144 192
  53 143 192
  52 142 191
  50 141 191
  49 141 190
  47 140 190
  46 139 189
  45 138 189
  43 137 189
  42 136 188
  41 135 188
  39 134 187
  38 134 187
  37 133 186
  35 132 186
  34 131 185
  33 130 185
  31 129 185
  30 128 184
  29 127 184
  27 127 183
  26 126 183
  25 125 182
  23 124 182
  22 123 182
  21 122 181
  19 121 181
  18 120 180
  17 120 180
  15 119 179
  14 118 179
  12 117 178
  11 116 178
  10 115 178
   8 114 177
   7 113 177
   6 113 176
   5 112 175
   5 111 174
   5 110 172
   5 109 171
   5 108 170
   5 107 168
   5 106 167
   5 105 165
   5 104 164
   4 103 162
   4 102 161
   4 101 159
   4 100 158
   4  99 156
   4  99 155
   4  98 154
   4  97 152
   4  96 151
   4  95 149
   4  94 148
   4  93 146
   4  92 145
   4  91 143
   4  90 142
   4  89 140
   4  88 139
   4  87 138
   3  86 136
   3  85 135
   3  85 133
   3  84 132
   3  83 130
   3  82 129
   3  81 127
   3  80 126
   3  79 124
   3  78 123
