255 247 251
254 247 251
254 246 250
253 246 250
253 245 250
252 245 249
252 244 249
251 244 249
251 243 249
250 243 248
250 243 248
249 242 248
249 242 247
248 241 247
248 241 247
247 240 246
247 240 246
246 240 246
246 239 246
245 239 245
245 238 245
244 238 245
244 237 244
243 237 244
242 236 244
242 236 243
241 236 243
241 235 243
240 235 243
240 234 242
239 234 242
239 233 242
238 233 241
238 233 241
237 232 241
237 232 240
236 231 240
236 231 240
235 230 240
234 229 239
233 229 239
232 228 239
232 228 238
231 227 238
230 226 238
229 226 238
229 225 237
228 225 237
227 224 237
226 223 237
226 223 236
225 222 236
224 222 236
223 221 235
222 220 235
222 220 235
221 219 235
220 219 234
219 218 234
219 217 234
218 217 234
217 216 233
216 216 233
216 215 233
215 214 232
214 214 232
213 213 232
213 213 232
212 212 231
211 211 231
210 211 231
209 210 231
209 210 230
208 209 230
207 208 230
206 208 229
204 207 229
203 207 229
202 206 228
201 206 228
200 205 228
199 205 228
197 204 227
196 203 227
195 203 227
194 202 226
193 202 226
192 201 226
191 201 225
189 200 225
188 200 225
187 199 225
186 198 224
185 198 224
184 197 224
182 197 223
181 196 223
180 196 223
179 195 222
178 195 222
177 194 222
176 194 222
174 193 221
173 192 221
172 192 221
171 191 220
170 191 220
169 190 220
167 190 219
166 189 219
165 189 219
163 188 218
161 188 218
160 187 218
158 186 217
156 186 217
154 185 217
153 185 216
151 184 216
149 184 216
147 183 215
146 183 215
144 182 215
142 181 214
141 181 214
139 180 214
137 180 213
135 179 213
134 179 213
132 178 213
130 178 212
128 177 212
127 177 212
125 176 211
123 175 211
122 175 211
120 174 210
118 174 210
116 173 210
115 173 209
113 172 209
111 172 209
109 171 208
108 170 208
106 170 208
104 169 207
103 169 207
101 168 206
100 167 206
099 167 206
097 166 205
096 165 205
095 165 204
093 164 204
092 163 204
091 163 203
089 162 203
088 161 202
086 161 202
085 160 202
084 159 201
082 159 201
081 158 200
080 157 200
078 156 199
077 156 199
076 155 199
074 154 198
073 154 198
072 153 197
070 152 197
069 152 197
068 151 196
066 150 196
065 150 195
064 149 195
062 148 195
061 148 194
060 147 194
058 146 193
057 145 193
056 145 192
054 144 192
053 144 191
051 143 189
050 143 188
048 142 186
047 142 185
046 142 183
044 141 182
043 141 180
041 140 179
040 140 177
039 140 176
037 139 174
036 139 173
034 138 171
033 138 170
031 137 168
030 137 167
029 137 166
027 136 164
026 136 163
024 135 161
023 135 160
021 135 158
020 134 157
019 134 155
017 133 154
016 133 152
014 133 151
013 132 149
011 132 148
010 131 146
009 131 145
007 130 143
006 130 142
004 130 140
003 129 139
002 129 137
002 128 135
002 127 133
002 126 131
002 126 129
002 125 127
002 124 125
002 123 123
002 123 121
002 122 119
002 121 117
002 120 115
002 119 113
002 119 111
002 118 109
002 117 107
002 116 105
002 116 103
001 115 101
001 114 099
001 113 097
001 113 094
001 112 092
001 111 090
001 110 088
001 109 086
001 109 084
001 108 082
001 107 080
001 106 078
001 106 076
001 105 074
001 104 072
001 103 070
001 103 068
001 102 066
001 101 064
