179 088 006
180 089 006
181 090 007
183 091 007
184 093 008
185 094 008
186 095 008
188 096 009
189 097 009
190 098 009
191 100 010
193 101 010
194 102 011
195 103 011
196 104 011
198 105 012
199 106 012
200 108 013
201 109 013
202 110 013
204 111 014
205 112 014
206 113 014
207 115 015
209 116 015
210 117 016
211 118 016
212 119 016
214 120 017
215 121 017
216 123 018
217 124 018
219 125 018
220 126 019
221 127 019
222 128 019
223 130 020
224 131 021
225 132 023
226 134 026
227 135 028
228 137 030
228 138 032
229 140 034
230 141 036
231 143 039
232 144 041
232 146 043
233 147 045
234 149 047
235 150 049
236 152 052
236 153 054
237 155 056
238 156 058
239 158 060
240 159 062
240 160 065
241 162 067
242 163 069
243 165 071
244 166 073
244 168 075
245 169 078
246 171 080
247 172 082
248 174 084
248 175 086
249 177 088
250 178 091
251 180 093
252 181 095
252 183 097
253 184 099
253 185 102
253 186 104
253 187 106
253 189 108
253 190 111
253 191 113
253 192 115
253 193 118
253 194 120
253 195 122
253 196 124
253 197 127
253 198 129
253 200 131
253 201 134
253 202 136
253 203 138
253 204 140
254 205 143
254 206 145
254 207 147
254 208 149
254 209 152
254 211 154
254 212 156
254 213 159
254 214 161
254 215 163
254 216 165
254 217 168
254 218 170
254 219 172
254 220 175
254 221 177
254 223 179
254 224 181
253 224 183
252 224 184
251 224 186
250 223 187
249 223 189
248 223 190
247 223 192
246 223 193
245 223 195
244 222 196
243 222 198
242 222 199
241 222 200
240 222 202
239 222 203
238 221 205
237 221 206
236 221 208
234 221 209
233 221 211
232 221 212
231 220 214
230 220 215
229 220 217
228 220 218
227 220 219
226 220 221
225 219 222
224 219 224
223 219 225
222 219 227
221 219 228
220 219 230
219 218 231
218 218 233
217 218 234
216 218 235
215 216 234
214 215 233
213 214 233
212 212 232
210 211 231
209 210 231
208 209 230
207 207 229
206 206 229
205 205 228
204 203 227
203 202 227
202 201 226
201 200 225
200 198 225
199 197 224
198 196 223
197 194 222
196 193 222
195 192 221
194 191 220
193 189 220
192 188 219
191 187 218
190 185 218
189 184 217
188 183 216
186 182 216
185 180 215
184 179 214
183 178 214
182 176 213
181 175 212
180 174 211
179 172 211
178 171 210
177 170 209
175 168 208
174 167 207
173 165 206
171 164 205
170 162 204
169 160 203
167 159 202
166 157 201
164 156 200
163 154 199
162 153 198
160 151 197
159 150 196
158 148 195
156 147 193
155 145 192
153 144 191
152 142 190
151 140 189
149 139 188
148 137 187
147 136 186
145 134 185
144 133 184
143 131 183
141 130 182
140 128 181
138 127 180
137 125 179
136 124 178
134 122 177
133 120 176
132 119 175
130 117 174
129 116 173
127 114 172
126 112 171
125 110 170
124 108 169
123 106 168
121 104 167
120 102 166
119 100 165
118 097 164
117 095 163
115 093 162
114 091 161
113 089 160
112 087 159
111 085 158
109 083 157
108 081 156
107 079 155
106 077 154
105 074 153
103 072 152
102 070 151
101 068 150
100 066 149
098 064 148
097 062 147
096 060 146
095 058 145
094 056 144
092 054 143
091 052 142
090 049 141
089 047 140
088 045 139
086 043 138
085 041 137
084 039 136
