247 244 249
247 243 249
246 243 248
246 242 248
245 242 248
245 241 248
244 241 247
244 240 247
243 240 247
243 239 247
243 239 246
242 238 246
242 238 246
241 237 245
241 237 245
240 236 245
240 236 245
240 235 244
239 235 244
239 234 244
238 234 244
238 233 243
237 233 243
237 232 243
236 231 242
236 231 242
236 230 242
235 230 242
235 229 241
234 229 241
234 228 241
233 228 240
233 227 240
233 227 240
232 226 240
232 226 239
231 225 239
231 224 239
230 223 238
230 222 238
229 221 237
229 220 236
228 219 236
228 218 235
227 217 235
227 216 234
226 214 233
225 213 233
225 212 232
224 211 232
224 210 231
223 209 231
223 208 230
222 207 229
222 206 229
221 205 228
221 204 228
220 202 227
220 201 227
219 200 226
219 199 225
218 198 225
218 197 224
217 196 224
217 195 223
216 194 223
216 193 222
215 191 221
215 190 221
214 189 220
213 188 220
213 187 219
212 186 218
212 185 218
212 184 217
211 183 217
211 182 216
211 181 216
210 180 215
210 179 215
210 178 214
210 177 214
209 176 213
209 175 213
209 174 212
208 173 212
208 172 211
208 171 211
207 170 210
207 169 210
207 168 209
207 167 209
206 166 208
206 165 207
206 164 207
205 163 206
205 161 206
205 160 205
204 159 205
204 158 204
204 157 204
204 156 203
203 155 203
203 154 202
203 153 202
202 152 201
202 151 201
202 150 200
201 149 200
201 148 199
201 147 199
202 146 198
203 144 197
203 143 197
204 142 196
204 141 195
205 139 195
206 138 194
206 137 193
207 135 193
207 134 192
208 133 192
209 132 191
209 130 190
210 129 190
210 128 189
211 126 188
212 125 188
212 124 187
213 123 187
214 121 186
214 120 185
215 119 185
215 117 184
216 116 183
217 115 183
217 114 182
218 112 182
218 111 181
219 110 180
220 108 180
220 107 179
221 106 178
221 105 178
222 103 177
223 102 176
223 101 176
223 099 175
224 097 174
224 096 173
224 094 172
224 092 170
224 091 169
225 089 168
225 087 167
225 086 166
225 084 165
225 082 164
226 081 163
226 079 162
226 077 161
226 076 160
227 074 159
227 073 158
227 071 157
227 069 156
227 068 155
228 066 154
228 064 153
228 063 152
228 061 151
229 059 150
229 058 149
229 056 148
229 054 146
229 053 145
230 051 144
230 049 143
230 048 142
230 046 141
231 045 140
231 043 139
231 041 138
230 040 137
230 040 135
229 039 134
228 039 132
228 038 131
227 037 130
226 037 128
226 036 127
225 035 125
224 035 124
224 034 123
223 034 121
222 033 120
221 032 118
221 032 117
220 031 115
219 030 114
219 030 113
218 029 111
217 028 110
217 028 108
216 027 107
215 027 105
215 026 104
214 025 103
213 025 101
213 024 100
212 023 098
211 023 097
211 022 095
210 022 094
209 021 093
208 020 091
208 020 090
207 019 088
206 018 087
205 018 086
204 017 085
202 017 084
200 016 084
199 016 083
197 015 083
195 015 082
194 014 081
192 014 081
190 013 080
189 013 079
187 012 079
185 012 078
184 011 078
182 011 077
180 010 076
178 010 076
177 009 075
175 009 074
173 008 074
172 008 073
170 007 072
168 007 072
167 006 071
165 006 071
163 005 070
162 005 069
160 004 069
158 004 068
157 003 067
155 003 067
153 002 066
152 002 066
150 001 065
148 001 064
147 000 064
145 000 063
