252 251 253
252 251 253
251 250 253
251 250 252
251 249 252
250 249 252
250 249 252
250 248 251
249 248 251
249 248 251
248 247 251
248 247 251
248 246 250
247 246 250
247 246 250
247 245 250
246 245 249
246 244 249
246 244 249
245 244 249
245 243 249
245 243 248
244 243 248
244 242 248
243 242 248
243 241 248
243 241 247
242 241 247
242 240 247
242 240 247
241 239 246
241 239 246
241 239 246
240 238 246
240 238 246
240 238 245
239 237 245
239 237 245
238 236 245
238 236 244
237 235 244
236 235 244
236 234 243
235 234 243
235 233 243
234 233 243
233 232 242
233 231 242
232 231 242
232 230 242
231 230 241
231 229 241
230 229 241
229 228 240
229 228 240
228 227 240
228 227 240
227 226 239
227 226 239
226 225 239
225 225 239
225 224 238
224 224 238
224 223 238
223 223 237
223 222 237
222 222 237
221 221 237
221 221 236
220 220 236
220 219 236
219 219 236
218 218 235
218 218 235
217 217 235
216 216 234
215 215 234
215 215 233
214 214 233
213 213 232
212 212 232
211 212 232
210 211 231
210 210 231
209 209 230
208 208 230
207 208 230
206 207 229
206 206 229
205 205 228
204 204 228
203 204 228
202 203 227
201 202 227
201 201 226
200 200 226
199 200 225
198 199 225
197 198 225
196 197 224
196 196 224
195 196 223
194 195 223
193 194 223
192 193 222
192 192 222
191 192 221
190 191 221
189 190 221
188 189 220
187 188 220
187 187 219
186 186 219
185 185 218
184 184 217
183 184 217
182 183 216
182 182 216
181 181 215
180 180 215
179 179 214
178 178 214
178 177 213
177 176 212
176 175 212
175 174 211
174 173 211
173 172 210
173 171 210
172 170 209
171 169 209
170 168 208
169 167 208
168 166 207
168 165 206
167 164 206
166 163 205
165 162 205
164 161 204
164 160 204
163 159 203
162 159 203
161 158 202
160 157 201
159 156 201
159 155 200
158 154 200
157 153 200
156 152 199
155 151 199
154 151 198
154 150 198
153 149 198
152 148 197
151 147 197
150 147 196
150 146 196
149 145 196
148 144 195
147 143 195
146 143 195
145 142 194
145 141 194
144 140 193
143 139 193
142 139 193
141 138 192
140 137 192
140 136 191
139 135 191
138 135 191
137 134 190
136 133 190
136 132 190
135 131 189
134 131 189
133 130 188
132 129 188
131 128 188
131 128 187
130 127 187
129 126 186
128 125 186
127 124 185
127 123 185
126 122 184
126 120 184
125 119 183
124 118 182
124 117 182
123 116 181
123 114 180
122 113 180
121 112 179
121 111 179
120 109 178
120 108 177
119 107 177
118 106 176
118 105 175
117 103 175
117 102 174
116 101 173
115 100 173
115 099 172
114 097 172
114 096 171
113 095 170
112 094 170
112 093 169
111 091 168
111 090 168
110 089 167
109 088 167
109 087 166
108 085 165
108 084 165
107 083 164
106 082 163
106 080 163
105 079 162
104 077 161
103 075 160
102 074 159
101 072 159
100 070 158
099 069 157
099 067 156
098 065 155
097 064 155
096 062 154
095 060 153
094 059 152
093 057 152
092 055 151
092 053 150
091 052 149
090 050 148
089 048 148
088 047 147
087 045 146
086 043 145
085 042 144
085 040 144
084 038 143
083 037 142
082 035 141
081 033 140
080 032 140
079 030 139
078 028 138
078 027 137
077 025 136
076 023 136
075 022 135
074 020 134
