 178  24  43
 179  26  44
 180  28  45
 181  30  46
 182  32  47
 183  34  48
 184  36  49
 185  38  50
 186  40  50
 187  42  51
 188  44  52
 189  46  53
 190  48  54
 191  50  55
 192  52  56
 193  54  57
 194  56  58
 195  58  59
 196  60  60
 197  62  61
 198  64  62
 199  66  63
 200  67  64
 201  69  64
 202  71  65
 203  73  66
 204  75  67
 205  77  68
 206  79  69
 207  81  70
 208  83  71
 209  85  72
 210  87  73
 211  89  74
 212  91  75
 213  93  76
 214  95  77
 214  97  78
 215  99  79
 216 101  81
 217 103  82
 218 105  84
 219 107  85
 219 108  87
 220 110  88
 221 112  89
 222 114  91
 223 116  92
 224 118  94
 224 120  95
 225 122  97
 226 124  98
 227 125 100
 228 127 101
 228 129 103
 229 131 104
 230 133 105
 231 135 107
 232 137 108
 233 139 110
 233 141 111
 234 143 113
 235 144 114
 236 146 116
 237 148 117
 238 150 119
 238 152 120
 239 154 121
 240 156 123
 241 158 124
 242 160 126
 242 161 127
 243 163 129
 244 165 130
 244 167 132
 245 168 134
 245 170 136
 245 171 138
 245 173 140
 246 174 142
 246 176 144
 246 177 145
 246 179 147
 247 180 149
 247 182 151
 247 183 153
 247 184 155
 247 186 157
 248 187 159
 248 189 161
 248 190 162
 248 192 164
 249 193 166
 249 195 168
 249 196 170
 249 198 172
 250 199 174
 250 201 176
 250 202 178
 250 204 180
 251 205 181
 251 207 183
 251 208 185
 251 210 187
 252 211 189
 252 213 191
 252 214 193
 252 216 195
 253 217 197
 253 219 198
 252 219 200
 251 219 201
 250 220 202
 249 220 203
 247 220 204
 246 221 205
 245 221 207
 244 221 208
 242 221 209
 241 222 210
 240 222 211
 239 222 212
 238 222 213
 236 223 214
 235 223 216
 234 223 217
 233 224 218
 232 224 219
 230 224 220
 229 224 221
 228 225 222
 227 225 223
 226 225 225
 224 226 226
 223 226 227
 222 226 228
 221 226 229
 220 227 230
 218 227 231
 217 227 232
 216 227 234
 215 228 235
 213 228 236
 212 228 237
 211 229 238
 210 229 239
 209 229 240
 207 228 239
 205 227 239
 203 226 238
 202 225 238
 200 224 237
 198 223 237
 196 223 236
 195 222 236
 193 221 235
 191 220 235
 189 219 234
 188 218 234
 186 217 233
 184 216 233
 183 216 232
 181 215 232
 179 214 231
 177 213 231
 176 212 230
 174 211 230
 172 210 229
 170 209 229
 169 209 228
 167 208 228
 165 207 228
 164 206 227
 162 205 227
 160 204 226
 158 203 226
 157 202 225
 155 202 225
 153 201 224
 151 200 224
 150 199 223
 148 198 223
 146 197 222
 144 196 221
 142 194 221
 140 193 220
 138 192 219
 135 190 218
 133 189 218
 131 188 217
 129 186 216
 127 185 215
 125 183 215
 122 182 214
 120 181 213
 118 179 212
 116 178 212
 114 177 211
 112 175 210
 109 174 210
 107 172 209
 105 171 208
 103 170 207
 101 168 207
  99 167 206
  96 166 205
  94 164 204
  92 163 204
  90 162 203
  88 160 202
  86 159 201
  83 157 201
  81 156 200
  79 155 199
  77 153 198
  75 152 198
  73 151 197
  70 149 196
  68 148 195
  67 146 195
  66 145 194
  65 144 193
  64 143 193
  63 142 192
  62 140 192
  61 139 191
  60 138 190
  59 137 190
  58 135 189
  57 134 188
  56 133 188
  55 132 187
  54 130 187
  54 129 186
  53 128 185
  52 127 185
  51 125 184
  50 124 183
  49 123 183
  48 122 182
  47 121 181
  46 119 181
  45 118 180
  44 117 180
  43 116 179
  42 114 178
  41 113 178
  40 112 177
  40 111 176
  39 109 176
  38 108 175
  37 107 175
  36 106 174
  35 104 173
  34 103 173
  33 102 172
