178 024 043
179 026 044
180 028 045
181 030 046
182 032 047
183 034 048
184 036 049
185 038 050
186 040 050
187 042 051
188 044 052
189 046 053
190 048 054
191 050 055
192 052 056
193 054 057
194 056 058
195 058 059
196 060 060
197 062 061
198 064 062
199 066 063
200 067 064
201 069 064
202 071 065
203 073 066
204 075 067
205 077 068
206 079 069
207 081 070
208 083 071
209 085 072
210 087 073
211 089 074
212 091 075
213 093 076
214 095 077
214 097 078
215 099 079
216 101 081
217 103 082
218 105 084
219 107 085
219 108 087
220 110 088
221 112 089
222 114 091
223 116 092
224 118 094
224 120 095
225 122 097
226 124 098
227 125 100
228 127 101
228 129 103
229 131 104
230 133 105
231 135 107
232 137 108
233 139 110
233 141 111
234 143 113
235 144 114
236 146 116
237 148 117
238 150 119
238 152 120
239 154 121
240 156 123
241 158 124
242 160 126
242 161 127
243 163 129
244 165 130
244 167 132
245 168 134
245 170 136
245 171 138
245 173 140
246 174 142
246 176 144
246 177 145
246 179 147
247 180 149
247 182 151
247 183 153
247 184 155
247 186 157
248 187 159
248 189 161
248 190 162
248 192 164
249 193 166
249 195 168
249 196 170
249 198 172
250 199 174
250 201 176
250 202 178
250 204 180
251 205 181
251 207 183
251 208 185
251 210 187
252 211 189
252 213 191
252 214 193
252 216 195
253 217 197
253 219 198
252 219 199
252 219 200
251 219 201
250 220 202
249 220 202
248 220 203
248 220 204
247 220 204
246 220 205
245 220 206
244 220 206
244 221 207
243 221 208
242 221 208
241 221 209
240 221 210
240 221 210
239 221 211
238 222 212
237 222 213
237 222 213
236 222 214
235 222 215
234 222 215
233 222 216
233 223 217
232 223 217
231 223 218
230 223 219
229 223 219
229 223 220
228 223 221
227 223 221
226 224 222
225 224 223
225 224 224
224 224 224
223 223 223
222 222 222
221 221 221
220 220 220
218 218 218
217 217 217
216 216 216
215 215 215
214 214 214
213 213 213
212 212 212
211 211 211
210 210 210
209 209 209
208 208 208
207 207 207
206 206 206
205 205 205
204 204 204
203 203 203
202 202 202
201 201 201
200 200 200
199 199 199
198 198 198
197 197 197
196 196 196
194 194 194
193 193 193
192 192 192
191 191 191
190 190 190
189 189 189
188 188 188
187 187 187
186 186 186
185 185 185
183 183 183
182 182 182
181 181 181
179 179 179
178 178 178
176 176 176
175 175 175
174 174 174
172 172 172
171 171 171
169 169 169
168 168 168
167 167 167
165 165 165
164 164 164
162 162 162
161 161 161
160 160 160
158 158 158
157 157 157
155 155 155
154 154 154
153 153 153
151 151 151
150 150 150
148 148 148
147 147 147
146 146 146
144 144 144
143 143 143
141 141 141
140 140 140
139 139 139
137 137 137
136 136 136
134 134 134
133 133 133
131 131 131
130 130 130
128 128 128
126 126 126
125 125 125
123 123 123
122 122 122
120 120 120
118 118 118
117 117 117
115 115 115
114 114 114
112 112 112
110 110 110
109 109 109
107 107 107
106 106 106
104 104 104
102 102 102
101 101 101
099 099 099
098 098 098
096 096 096
095 095 095
093 093 093
091 091 091
090 090 090
088 088 088
087 087 087
085 085 085
083 083 083
082 082 082
080 080 080
079 079 079
077 077 077
