 255 247 243
 255 246 242
 255 246 242
 255 245 241
 255 244 241
 255 244 240
 255 243 239
 255 243 239
 255 242 238
 255 241 238
 254 241 237
 254 240 236
 254 239 236
 254 239 235
 254 238 235
 254 238 234
 254 237 233
 254 236 233
 254 236 232
 254 235 232
 254 234 231
 254 234 230
 254 233 230
 254 232 229
 254 232 229
 254 231 228
 254 231 227
 254 230 227
 253 229 226
 253 229 225
 253 228 225
 253 227 224
 253 227 224
 253 226 223
 253 226 222
 253 225 222
 253 224 221
 253 224 221
 253 223 220
 253 222 219
 253 221 218
 253 221 217
 253 220 217
 253 219 216
 253 218 215
 253 218 214
 253 217 213
 253 216 213
 253 215 212
 253 215 211
 253 214 210
 253 213 209
 253 212 209
 253 212 208
 253 211 207
 252 210 206
 252 209 205
 252 209 205
 252 208 204
 252 207 203
 252 207 202
 252 206 201
 252 205 201
 252 204 200
 252 204 199
 252 203 198
 252 202 197
 252 201 197
 252 201 196
 252 200 195
 252 199 194
 252 198 193
 252 198 193
 252 197 192
 252 196 192
 252 195 191
 252 194 191
 252 193 191
 252 192 190
 252 191 190
 252 190 190
 252 189 190
 251 187 189
 251 186 189
 251 185 189
 251 184 188
 251 183 188
 251 182 188
 251 181 187
 251 180 187
 251 179 187
 251 178 187
 251 177 186
 251 176 186
 251 175 186
 251 174 185
 251 173 185
 251 172 185
 251 171 184
 251 170 184
 251 169 184
 250 168 184
 250 167 183
 250 166 183
 250 165 183
 250 163 182
 250 162 182
 250 161 182
 250 160 181
 250 159 181
 250 158 181
 250 156 180
 250 155 180
 250 153 179
 250 152 178
 250 150 178
 249 149 177
 249 147 177
 249 146 176
 249 144 176
 249 143 175
 249 141 175
 249 140 174
 249 138 173
 249 137 173
 249 135 172
 249 134 172
 249 132 171
 248 131 171
 248 129 170
 248 128 170
 248 126 169
 248 125 169
 248 123 168
 248 122 167
 248 120 167
 248 119 166
 248 117 166
 248 116 165
 248 114 165
 247 113 164
 247 111 164
 247 110 163
 247 108 162
 247 107 162
 247 105 161
 247 104 161
 246 102 161
 245 101 160
 245  99 160
 244  98 160
 243  96 160
 243  95 159
 242  94 159
 241  92 159
 240  91 158
 240  89 158
 239  88 158
 238  86 158
 238  85 157
 237  84 157
 236  82 157
 235  81 157
 235  79 156
 234  78 156
 233  76 156
 233  75 155
 232  74 155
 231  72 155
 230  71 155
 230  69 154
 229  68 154
 228  66 154
 228  65 154
 227  64 153
 226  62 153
 225  61 153
 225  59 152
 224  58 152
 223  56 152
 223  55 152
 222  54 151
 221  52 151
 220  51 150
 219  49 150
 217  48 149
 216  47 148
 215  45 148
 213  44 147
 212  42 146
 211  41 146
 210  40 145
 208  38 144
 207  37 144
 206  35 143
 204  34 142
 203  33 141
 202  31 141
 201  30 140
 199  28 139
 198  27 139
 197  26 138
 195  24 137
 194  23 137
 193  21 136
 192  20 135
 190  19 135
 189  17 134
 188  16 133
 186  14 133
 185  13 132
 184  12 131
 182  10 131
 181   9 130
 180   7 129
 179   6 128
 177   5 128
 176   3 127
 175   2 126
 173   1 126
 172   1 126
 171   1 126
 169   1 125
 168   1 125
 166   1 125
 165   1 125
 163   1 125
 162   1 124
 161   1 124
 159   1 124
 158   1 124
 156   1 124
 155   1 123
 153   1 123
 152   1 123
 151   1 123
 149   1 123
 148   1 122
 146   1 122
 145   1 122
 143   1 122
 142   1 122
 141   1 121
 139   1 121
 138   1 121
 136   1 121
 135   1 121
 133   1 121
 132   1 120
 131   1 120
 129   1 120
 128   1 120
 126   1 120
 125   1 119
 123   1 119
 122   1 119
