 215  48  39
 216  50  40
 217  51  41
 217  53  41
 218  55  42
 219  56  43
 220  58  44
 221  60  44
 221  61  45
 222  63  46
 223  65  47
 224  66  47
 225  68  48
 225  70  49
 226  71  50
 227  73  51
 228  75  51
 229  76  52
 229  78  53
 230  80  54
 231  81  54
 232  83  55
 233  85  56
 233  87  57
 234  88  57
 235  90  58
 236  92  59
 236  93  60
 237  95  61
 238  97  61
 239  98  62
 240 100  63
 240 102  64
 241 103  64
 242 105  65
 243 107  66
 244 108  67
 244 110  67
 244 112  68
 245 114  69
 245 115  70
 245 117  71
 245 119  72
 246 121  72
 246 123  73
 246 124  74
 246 126  75
 247 128  76
 247 130  77
 247 131  77
 247 133  78
 248 135  79
 248 137  80
 248 139  81
 248 140  81
 249 142  82
 249 144  83
 249 146  84
 249 147  85
 250 149  86
 250 151  86
 250 153  87
 250 155  88
 251 156  89
 251 158  90
 251 160  91
 251 162  91
 252 164  92
 252 165  93
 252 167  94
 252 169  95
 253 171  95
 253 172  96
 253 174  97
 253 176  98
 253 177 100
 253 178 101
 253 180 102
 253 181 104
 253 182 105
 253 184 106
 253 185 108
 253 187 109
 253 188 110
 253 189 111
 253 191 113
 253 192 114
 253 193 115
 253 195 117
 253 196 118
 253 198 119
 253 199 120
 254 200 122
 254 202 123
 254 203 124
 254 204 126
 254 206 127
 254 207 128
 254 209 129
 254 210 131
 254 211 132
 254 213 133
 254 214 135
 254 215 136
 254 217 137
 254 218 138
 254 219 140
 254 221 141
 254 222 142
 254 224 144
 253 224 146
 253 225 149
 252 225 152
 251 226 155
 250 226 157
 249 227 160
 248 228 163
 248 228 166
 247 229 169
 246 229 172
 245 230 175
 244 230 177
 244 231 180
 243 231 183
 242 232 186
 241 232 189
 240 233 192
 239 233 195
 239 234 197
 238 234 200
 237 235 203
 236 235 206
 235 236 209
 234 236 212
 234 237 215
 233 237 217
 232 238 220
 231 238 223
 230 239 226
 230 239 229
 229 240 232
 228 241 235
 227 241 237
 226 242 240
 225 242 243
 225 243 246
 224 243 248
 222 242 247
 221 241 247
 219 241 247
 218 240 246
 216 239 246
 215 239 245
 213 238 245
 212 237 245
 210 236 244
 209 236 244
 208 235 243
 206 234 243
 205 234 243
 203 233 242
 202 232 242
 200 231 241
 199 231 241
 197 230 240
 196 229 240
 194 229 240
 193 228 239
 192 227 239
 190 226 238
 189 226 238
 187 225 238
 186 224 237
 184 224 237
 183 223 236
 181 222 236
 180 221 236
 178 221 235
 177 220 235
 176 219 234
 174 219 234
 173 218 233
 171 217 233
 170 216 232
 168 215 232
 167 214 231
 165 212 230
 164 211 230
 162 210 229
 161 209 228
 159 208 228
 158 206 227
 156 205 227
 155 204 226
 153 203 225
 152 201 225
 150 200 224
 149 199 223
 147 198 223
 146 197 222
 144 195 221
 143 194 221
 141 193 220
 140 192 219
 138 191 219
 136 189 218
 135 188 217
 133 187 217
 132 186 216
 130 185 215
 129 183 215
 127 182 214
 126 181 213
 124 180 213
 123 179 212
 121 177 211
 120 176 211
 118 175 210
 117 174 209
 115 172 209
 114 171 208
 113 169 207
 112 168 206
 110 166 205
 109 165 205
 108 163 204
 106 162 203
 105 160 202
 104 159 201
 103 157 201
 101 155 200
 100 154 199
  99 152 198
  97 151 198
  96 149 197
  95 148 196
  94 146 195
  92 145 194
  91 143 194
  90 142 193
  88 140 192
  87 139 191
  86 137 190
  84 135 190
  83 134 189
  82 132 188
  81 131 187
  79 129 186
  78 128 186
  77 126 185
  75 125 184
  74 123 183
  73 122 182
  72 120 182
  70 119 181
  69 117 180
