 215  48  39
 216  50  40
 217  51  41
 217  53  41
 218  55  42
 219  56  43
 220  58  44
 221  60  44
 221  61  45
 222  63  46
 223  65  47
 224  66  47
 225  68  48
 225  70  49
 226  71  50
 227  73  51
 228  75  51
 229  76  52
 229  78  53
 230  80  54
 231  81  54
 232  83  55
 233  85  56
 233  87  57
 234  88  57
 235  90  58
 236  92  59
 236  93  60
 237  95  61
 238  97  61
 239  98  62
 240 100  63
 240 102  64
 241 103  64
 242 105  65
 243 107  66
 244 108  67
 244 110  67
 244 112  68
 245 114  69
 245 115  70
 245 117  71
 245 119  72
 246 121  72
 246 123  73
 246 124  74
 246 126  75
 247 128  76
 247 130  77
 247 131  77
 247 133  78
 248 135  79
 248 137  80
 248 139  81
 248 140  81
 249 142  82
 249 144  83
 249 146  84
 249 147  85
 250 149  86
 250 151  86
 250 153  87
 250 155  88
 251 156  89
 251 158  90
 251 160  91
 251 162  91
 252 164  92
 252 165  93
 252 167  94
 252 169  95
 253 171  95
 253 172  96
 253 174  97
 253 176  98
 253 177  99
 253 178 101
 253 180 102
 253 181 103
 253 182 104
 253 184 105
 253 185 106
 253 187 108
 253 188 109
 253 189 110
 253 191 111
 253 192 112
 253 193 113
 253 195 114
 253 196 116
 253 198 117
 253 199 118
 254 200 119
 254 202 120
 254 203 121
 254 204 123
 254 206 124
 254 207 125
 254 209 126
 254 210 127
 254 211 128
 254 213 129
 254 214 131
 254 215 132
 254 217 133
 254 218 134
 254 219 135
 254 221 136
 254 222 138
 254 224 139
 253 224 139
 252 225 139
 251 225 139
 250 226 139
 249 226 139
 248 226 139
 247 227 139
 246 227 139
 245 228 139
 244 228 139
 243 228 139
 242 229 139
 241 229 139
 240 230 139
 239 230 139
 238 230 139
 237 231 139
 236 231 139
 235 232 139
 234 232 139
 233 233 139
 232 233 139
 231 233 139
 230 234 139
 229 234 139
 228 235 139
 227 235 139
 226 235 139
 225 236 139
 224 236 139
 223 237 139
 222 237 139
 221 237 139
 220 238 139
 219 238 139
 218 239 139
 217 239 139
 215 238 138
 214 238 137
 212 237 136
 211 236 135
 210 236 134
 208 235 133
 207 235 132
 205 234 131
 204 233 131
 203 233 130
 201 232 129
 200 232 128
 198 231 127
 197 230 126
 196 230 125
 194 229 124
 193 229 123
 191 228 122
 190 227 122
 189 227 121
 187 226 120
 186 226 119
 184 225 118
 183 224 117
 182 224 116
 180 223 115
 179 223 114
 177 222 113
 176 221 112
 175 221 112
 173 220 111
 172 220 110
 170 219 109
 169 218 108
 168 218 107
 166 217 106
 164 216 106
 163 216 106
 161 215 105
 159 214 105
 157 213 105
 156 212 105
 154 212 105
 152 211 104
 150 210 104
 149 209 104
 147 209 104
 145 208 104
 143 207 104
 142 206 103
 140 206 103
 138 205 103
 136 204 103
 135 203 103
 133 203 102
 131 202 102
 129 201 102
 128 200 102
 126 199 102
 124 199 101
 122 198 101
 121 197 101
 119 196 101
 117 196 101
 115 195 100
 114 194 100
 112 193 100
 110 193 100
 108 192 100
 107 191  99
 105 190  99
 103 189  99
 101 189  99
  99 188  98
  97 187  98
  95 186  97
  93 185  97
  91 183  96
  89 182  96
  87 181  95
  84 180  95
  82 179  94
  80 178  94
  78 177  93
  76 176  93
  74 175  92
  72 174  91
  70 173  91
  68 172  90
  66 171  90
  64 170  89
  61 169  89
  59 168  88
  57 167  88
  55 166  87
  53 165  87
  51 164  86
  49 163  86
  47 162  85
  45 161  85
  43 160  84
  41 159  84
  39 158  83
  36 157  83
  34 156  82
  32 155  82
  30 154  81
  28 153  81
  26 152  80
