   0 128   0
   0 126   1
   0 125   2
   0 123   3
   0 122   4
   0 120   5
   0 119   6
   0 117   7
   0 116   8
   0 114   9
   0 113  10
   0 111  11
   0 110  12
   0 108  13
   0 107  14
   0 105  15
   0 104  16
   0 102  17
   0 101  18
   0  99  19
   0  98  20
   0  96  21
   0  95  22
   0  93  23
   0  92  24
   0  90  25
   0  89  26
   0  87  27
   0  86  28
   0  84  29
   0  83  30
   0  81  31
   0  80  32
   0  78  33
   0  77  34
   0  75  35
   0  74  36
   0  72  37
   0  71  38
   0  69  39
   0  68  40
   0  66  41
   0  65  42
   0  63  43
   0  62  44
   0  60  45
   0  59  46
   0  57  47
   0  56  48
   0  54  49
   0  53  50
   0  51  51
   0  49  52
   0  48  53
   0  47  54
   0  45  55
   0  44  56
   0  42  57
   0  41  58
   0  39  59
   0  38  60
   0  36  61
   0  35  62
   0  33  63
   0  32  64
   0  30  65
   0  28  66
   0  27  67
   0  25  68
   0  24  69
   0  22  70
   0  21  71
   0  20  72
   0  18  73
   0  16  74
   0  15  75
   0  14  76
   0  12  77
   0  10  78
   0   9  79
   0   8  80
   0   6  81
   0   4  82
   0   3  83
   0   1  84
   0   0  85
   0   1  86
   0   3  87
   0   4  88
   0   6  89
   0   8  90
   0   9  91
   0  10  92
   0  12  93
   0  14  94
   0  15  95
   0  16  96
   0  18  97
   0  20  98
   0  21  99
   0  23 100
   0  24 101
   0  26 102
   0  27 103
   0  29 104
   0  30 105
   0  32 106
   0  33 107
   0  34 108
   0  36 109
   0  38 110
   0  39 111
   0  41 112
   0  42 113
   0  44 114
   0  45 115
   0  47 116
   0  48 117
   0  49 118
   0  51 119
   0  52 120
   0  54 121
   0  56 122
   0  57 123
   0  58 124
   0  60 125
   0  62 126
   0  63 127
   0  65 128
   0  66 129
   0  67 130
   0  69 131
   0  71 132
   0  72 133
   0  74 134
   0  75 135
   0  77 136
   0  78 137
   0  80 138
   0  81 139
   0  83 140
   0  84 141
   0  86 142
   0  87 143
   0  89 144
   0  90 145
   0  91 146
   0  93 147
   0  95 148
   0  96 149
   0  98 150
   0  99 151
   0 100 152
   0 102 153
   0 103 154
   0 105 155
   0 107 156
   0 108 157
   0 110 158
   0 111 159
   0 113 160
   0 114 161
   0 115 162
   0 117 163
   0 119 164
   0 120 165
   0 122 166
   0 123 167
   0 125 168
   0 126 169
   0 128 170
   3 129 171
   6 131 172
   9 132 173
  12 133 174
  15 135 175
  18 136 176
  21 138 177
  24 139 178
  27 141 179
  30 143 180
  33 144 181
  36 146 182
  39 147 183
  42 148 184
  45 150 185
  48 151 186
  51 153 187
  54 155 188
  57 156 189
  60 158 190
  63 159 191
  66 161 192
  69 162 193
  72 163 194
  75 165 195
  78 167 196
  81 168 197
  84 170 198
  87 171 199
  90 173 200
  93 174 201
  96 176 202
  99 177 203
 102 179 204
 105 180 205
 108 182 206
 111 183 207
 114 185 208
 117 186 209
 120 188 210
 123 189 211
 126 191 212
 129 192 213
 132 194 214
 135 195 215
 138 196 216
 141 198 217
 144 199 218
 147 201 219
 150 203 220
 153 204 221
 156 206 222
 159 207 223
 162 209 224
 165 210 225
 168 211 226
 171 213 227
 174 215 228
 177 216 229
 180 218 230
 183 219 231
 186 221 232
 189 222 233
 192 224 234
 195 225 235
 198 227 236
 201 228 237
 204 229 238
 207 231 239
 210 232 240
 213 234 241
 216 235 242
 219 237 243
 222 239 244
 225 240 245
 228 242 246
 231 243 247
 234 244 248
 237 246 249
 240 247 250
 243 249 251
 246 251 252
 249 252 253
 252 254 254
 255 255 255
