 255 245 240
 255 244 239
 255 244 238
 255 243 238
 255 243 237
 255 242 236
 255 242 235
 255 241 234
 255 240 233
 255 240 233
 255 239 232
 255 239 231
 255 238 230
 255 238 229
 255 237 228
 255 236 228
 255 236 227
 255 235 226
 255 235 225
 254 234 224
 254 233 224
 254 233 223
 254 232 222
 254 232 221
 254 231 220
 254 231 219
 254 230 219
 254 229 218
 254 229 217
 254 228 216
 254 228 215
 254 227 214
 254 227 214
 254 226 213
 254 225 212
 254 225 211
 254 224 210
 254 223 209
 254 222 208
 254 221 207
 254 220 205
 254 219 204
 254 218 203
 254 217 201
 254 216 200
 254 215 198
 253 214 197
 253 213 196
 253 212 194
 253 211 193
 253 210 192
 253 209 190
 253 208 189
 253 207 188
 253 206 186
 253 205 185
 253 204 184
 253 203 182
 253 202 181
 253 201 180
 253 200 178
 253 199 177
 253 198 176
 253 197 174
 252 196 173
 252 195 172
 252 194 170
 252 193 169
 252 192 168
 252 191 166
 252 190 165
 252 189 163
 252 188 162
 252 187 161
 252 186 160
 252 185 158
 252 183 157
 252 182 156
 252 181 154
 252 180 153
 252 179 152
 252 178 150
 252 177 149
 252 176 148
 252 174 147
 252 173 145
 252 172 144
 252 171 143
 252 170 141
 252 169 140
 252 168 139
 252 167 138
 252 165 136
 252 164 135
 252 163 134
 252 162 132
 252 161 131
 252 160 130
 252 159 129
 252 158 127
 252 156 126
 252 155 125
 252 154 123
 252 153 122
 252 152 121
 252 151 120
 252 150 118
 252 149 117
 252 147 116
 252 146 114
 252 145 113
 252 144 112
 252 143 111
 252 142 110
 252 141 109
 252 140 108
 252 139 107
 252 138 106
 252 136 104
 252 135 103
 252 134 102
 252 133 101
 252 132 100
 252 131  99
 252 130  98
 252 129  97
 252 128  96
 252 127  95
 251 125  93
 251 124  92
 251 123  91
 251 122  90
 251 121  89
 251 120  88
 251 119  87
 251 118  86
 251 117  85
 251 116  84
 251 114  82
 251 113  81
 251 112  80
 251 111  79
 251 110  78
 251 109  77
 251 108  76
 251 107  75
 251 106  74
 251 104  73
 250 103  72
 250 102  71
 250 100  70
 249  99  70
 249  98  69
 249  97  68
 248  95  67
 248  94  66
 248  93  66
 247  91  65
 247  90  64
 247  89  63
 246  88  62
 246  86  61
 246  85  61
 245  84  60
 245  82  59
 245  81  58
 244  80  57
 244  79  56
 244  77  56
 243  76  55
 243  75  54
 243  73  53
 242  72  52
 242  71  52
 242  70  51
 241  68  50
 241  67  49
 241  66  48
 240  64  47
 240  63  47
 240  62  46
 239  60  45
 239  59  44
 238  58  44
 237  57  43
 236  56  43
 235  55  42
 234  54  42
 233  53  42
 232  52  41
 231  51  41
 230  50  40
 229  50  40
 228  49  40
 227  48  39
 226  47  39
 225  46  38
 224  45  38
 223  44  37
 222  43  37
 221  42  37
 220  41  36
 219  40  36
 218  39  35
 217  38  35
 216  37  35
 215  36  34
 214  35  34
 213  34  33
 212  33  33
 211  32  33
 210  31  32
 209  30  32
 209  29  31
 208  28  31
 207  27  30
 206  26  30
 205  26  30
 204  25  29
 202  24  29
 201  23  28
 200  22  28
 198  22  27
 197  21  27
 196  20  27
 194  20  26
 193  19  26
 191  18  25
 190  18  25
 189  17  24
 187  16  24
 186  16  24
 185  15  23
 183  14  23
 182  14  22
 180  13  22
 179  13  21
 178  12  21
 176  11  20
 175  11  20
 174  10  20
 172   9  19
 171   9  19
 169   8  18
 168   7  18
 167   7  17
 165   6  17
 164   5  17
 163   5  16
 161   4  16
 160   3  15
 158   3  15
 157   2  14
 156   1  14
 154   1  13
 153   0  13
