   0   0   0
   0   4   0
   0   8   0
   0  12   0
   0  16   0
   0  20   0
   0  23   0
   0  27   0
   0  31   0
   0  35   0
   0  38   0
   0  42   0
   0  46   0
   0  49   0
   0  53   0
   0  56   0
   0  60   0
   0  63   0
   0  67   0
   0  70   0
   0  74   0
   1  77   0
   3  80   0
   5  84   0
   7  87   0
   9  90   0
  11  93   0
  13  97   0
  15 100   0
  17 103   0
  19 106   0
  21 109   0
  23 112   0
  25 115   0
  27 118   0
  29 121   0
  31 124   0
  33 127   0
  35 129   0
  37 132   0
  39 135   0
  41 138   0
  43 140   0
  45 143   0
  47 146   0
  49 148   0
  51 151   0
  53 153   0
  55 156   0
  57 158   0
  59 161   0
  61 163   0
  63 166   0
  65 168   0
  67 170   0
  69 173   0
  71 175   0
  73 177   0
  75 179   0
  77 181   0
  79 184   0
  81 186   0
  83 188   0
  85 190   0
  87 192   0
  89 194   0
  91 196   0
  93 198   0
  95 199   0
  97 201   0
  99 203   0
 101 205   0
 103 207   0
 105 208   0
 107 210   0
 109 212   0
 111 213   0
 113 215   0
 115 217   0
 117 218   0
 119 220   0
 121 221   0
 123 223   0
 125 224   0
 127 225   0
 129 227   0
 131 228   0
 133 229   0
 135 231   0
 137 232   0
 139 233   0
 141 234   0
 143 235   0
 145 236   0
 147 237   0
 149 238   0
 151 239   0
 153 240   0
 155 241   0
 157 242   0
 159 243   0
 161 244   0
 163 245   0
 165 246   0
 167 246   0
 169 247   0
 171 248   0
 173 248   0
 175 249   0
 177 250   0
 179 250   0
 181 251   0
 183 251   0
 185 252   0
 187 252   0
 189 253   0
 191 253   0
 193 253   0
 195 254   0
 197 254   0
 199 254   0
 201 254   0
 203 255   0
 205 255   0
 207 255   0
 209 255   0
 211 255   0
 213 255   0
 215 255   0
 217 255   0
 219 255   0
 221 255   0
 223 255   0
 225 255   0
 227 254   0
 229 254   0
 231 254   0
 233 254   0
 235 253   0
 237 253   0
 239 253   0
 241 252   0
 243 252   0
 245 251   0
 247 251   0
 249 250   0
 251 250   0
 253 249   0
 255 248   0
 255 248   0
 255 247   0
 255 246   0
 255 246   0
 255 245   0
 255 244   0
 255 243   0
 255 242   0
 255 241   0
 255 240   0
 255 239   0
 255 238   0
 255 237   0
 255 236   0
 255 235   0
 255 234   0
 255 233   0
 255 232   0
 255 231   0
 255 229   0
 255 228   0
 255 227   0
 255 225   0
 255 224   0
 255 223   0
 255 221   0
 255 220   0
 255 218   0
 255 217   0
 255 215   0
 255 213   0
 255 212   0
 255 210   0
 255 208   0
 255 207   0
 255 205   0
 255 203   0
 255 201   0
 255 199   0
 255 198   0
 255 196   0
 255 194   0
 255 192   0
 255 190   0
 255 188   0
 255 186   0
 255 184   0
 255 181   0
 255 179   0
 255 177   0
 255 175   0
 255 173   0
 255 170   0
 255 168   0
 255 166   0
 255 163   0
 255 161   0
 255 158   0
 255 156   0
 255 153   0
 255 151   0
 255 148   0
 255 146   0
 255 143   0
 255 140   0
 255 138   0
 255 135   0
 255 132   0
 255 129   0
 255 127   0
 255 124   0
 255 121   0
 255 118   0
 255 115   0
 255 112   0
 255 109   0
 255 106   0
 255 103   0
 255 100   0
 255  97   0
 255  93   0
 255  90   0
 255  87   0
 255  84   0
 255  80   0
 255  77   0
 255  74   0
 255  70   0
 255  67   0
 255  63   0
 255  60   0
 255  56   0
 255  53   0
 255  49   0
 255  46   0
 255  42   0
 255  38   0
 255  35   0
 255  31   0
 255  27   0
 255  23   0
 255  20   0
 255  16   0
 255  12   0
 255   8   0
 255   4   0
 255   0   0
