   0   0   0
   2   0   0
   3   0   0
   5   0   0
   6   0   1
   8   1   1
   9   1   1
  11   1   2
  13   2   3
  14   2   3
  16   2   4
  17   3   5
  19   3   6
  20   4   6
  22   4   7
  24   5   8
  25   6   9
  27   6  11
  28   7  12
  30   8  13
  31   9  14
  33  10  15
  34  10  17
  36  11  18
  38  12  20
  39  13  21
  41  14  23
  42  15  24
  44  16  26
  45  17  27
  47  18  29
  48  20  30
  50  21  32
  51  22  34
  53  23  35
  55  24  37
  56  26  39
  58  27  41
  59  28  43
  61  29  44
  62  31  46
  64  32  48
  65  33  50
  67  35  52
  68  36  54
  70  38  56
  71  39  57
  73  41  59
  74  42  61
  76  44  63
  77  45  65
  79  47  67
  80  48  69
  82  50  71
  83  51  73
  85  53  75
  86  54  77
  88  56  79
  89  57  80
  91  59  82
  92  61  84
  94  62  86
  95  64  88
  96  65  90
  98  67  92
  99  69  94
 101  70  96
 102  72  98
 104  74 100
 105  75 101
 107  77 103
 108  79 105
 109  80 107
 111  82 109
 112  84 111
 114  85 113
 115  87 114
 116  89 116
 118  91 118
 119  92 119
 120  94 121
 121  96 122
 122  97 123
 123  99 125
 124 101 126
 125 102 127
 126 104 129
 127 106 130
 128 107 132
 129 109 133
 130 111 134
 131 112 136
 132 114 137
 133 116 138
 134 117 140
 135 119 141
 137 121 142
 138 122 143
 139 124 145
 140 126 146
 141 127 147
 142 129 149
 143 130 150
 144 132 151
 145 134 152
 146 135 154
 147 137 155
 149 138 156
 150 140 157
 151 142 159
 152 143 160
 153 145 161
 154 146 162
 155 148 164
 156 149 165
 158 151 166
 159 152 167
 160 154 168
 161 155 169
 162 157 171
 163 158 172
 164 160 173
 166 161 174
 167 163 175
 168 164 176
 169 166 178
 170 167 179
 171 168 180
 172 170 181
 173 171 182
 175 172 183
 176 174 184
 177 175 185
 178 177 186
 179 178 187
 180 179 188
 181 181 190
 183 182 191
 184 183 192
 185 184 193
 186 186 194
 187 187 195
 188 188 196
 189 190 197
 191 191 198
 192 192 199
 193 193 200
 194 195 201
 195 196 202
 196 197 203
 198 199 203
 199 200 204
 200 201 205
 201 202 206
 202 203 207
 203 204 208
 204 206 209
 205 207 210
 206 208 211
 207 209 212
 208 210 213
 209 211 213
 210 212 214
 211 213 215
 212 214 216
 213 215 217
 214 216 218
 215 217 218
 216 218 219
 217 219 220
 218 220 221
 219 220 222
 220 221 222
 221 222 223
 222 223 224
 222 224 225
 223 225 225
 224 225 226
 225 226 227
 226 227 228
 227 228 228
 227 229 229
 228 229 230
 229 230 230
 230 231 231
 230 231 232
 231 232 232
 232 233 233
 232 234 234
 233 234 234
 234 235 235
 235 235 235
 235 236 236
 236 237 237
 236 237 237
 237 238 238
 238 238 238
 238 239 239
 239 239 239
 239 240 240
 240 241 240
 241 241 241
 241 242 241
 242 242 242
 242 243 242
 243 243 243
 243 243 243
 244 244 244
 244 244 244
 245 245 245
 245 245 245
 245 246 246
 246 246 246
 246 247 246
 247 247 247
 247 247 247
 248 248 248
 248 248 248
 248 248 248
 249 249 249
 249 249 249
 249 249 249
 250 250 250
 250 250 250
 250 250 250
 251 251 251
 251 251 251
 251 251 251
 251 251 251
 252 252 252
 252 252 252
 252 252 252
 252 252 252
 253 253 253
 253 253 253
 253 253 253
 253 253 253
 253 253 253
 254 254 254
 254 254 254
 254 254 254
 254 254 254
 254 254 254
 254 254 254
 254 254 254
 255 255 255
 255 255 255
 255 255 255
 255 255 255
 255 255 255
 255 255 255
 255 255 255
 255 255 255
 255 255 255
 255 255 255
 255 255 255
