 255   0   0
 255   3   0
 255   6   0
 255   9   0
 255  13   0
 255  16   0
 255  19   0
 255  22   0
 255  25   0
 255  28   0
 255  31   0
 255  34   0
 255  38   0
 255  41   0
 255  44   0
 255  47   0
 255  50   0
 255  53   0
 255  56   0
 255  59   0
 255  62   0
 255  65   0
 255  68   0
 255  71   0
 255  74   0
 255  77   0
 255  80   0
 255  83   0
 255  86   0
 255  89   0
 255  92   0
 255  95   0
 255  98   0
 255 101   0
 255 104   0
 255 107   0
 255 109   0
 255 112   0
 255 115   0
 255 118   0
 255 121   0
 255 123   0
 255 126   0
 255 129   0
 255 132   0
 255 134   0
 255 137   0
 255 140   0
 255 142   0
 255 145   0
 255 147   0
 255 150   0
 255 152   0
 255 155   0
 255 157   0
 255 160   0
 255 162   0
 255 165   0
 255 167   0
 255 169   0
 255 172   0
 255 174   0
 255 176   0
 255 179   0
 255 181   1
 255 183   4
 255 185   7
 255 187  10
 255 190  13
 255 192  16
 255 194  20
 255 196  23
 255 198  26
 255 200  29
 255 202  32
 255 203  35
 255 205  38
 255 207  41
 255 209  45
 255 211  48
 255 213  51
 255 214  54
 255 216  57
 255 218  60
 255 219  63
 255 221  66
 255 222  70
 255 224  73
 255 225  76
 255 227  79
 255 228  82
 255 230  85
 255 231  88
 255 232  91
 255 234  95
 255 235  98
 255 236 101
 255 237 104
 255 238 107
 255 239 110
 255 241 113
 255 242 116
 255 243 120
 255 243 123
 255 244 126
 255 245 129
 255 246 132
 255 247 135
 255 248 138
 255 248 141
 255 249 145
 255 250 148
 255 250 151
 255 251 154
 255 251 157
 255 252 160
 255 252 163
 255 253 166
 255 253 170
 255 254 173
 255 254 176
 255 254 179
 255 254 182
 255 255 185
 255 255 188
 255 255 191
 255 255 195
 255 255 198
 254 255 201
 252 255 204
 250 255 207
 248 255 210
 246 255 213
 244 254 216
 242 254 220
 240 254 223
 238 254 226
 236 253 229
 234 253 232
 232 252 235
 230 252 238
 228 251 241
 226 251 245
 224 250 248
 222 250 251
 220 249 254
 218 248 255
 216 248 255
 214 247 255
 212 246 255
 210 245 255
 208 244 255
 206 243 255
 204 243 255
 202 242 255
 200 241 255
 198 239 255
 196 238 255
 194 237 255
 192 236 255
 190 235 255
 188 234 255
 186 232 255
 184 231 255
 182 230 255
 180 228 255
 178 227 255
 176 225 255
 174 224 255
 172 222 255
 170 221 255
 168 219 255
 166 218 255
 164 216 255
 162 214 255
 160 213 255
 158 211 255
 156 209 255
 154 207 255
 152 205 255
 150 203 255
 148 202 255
 146 200 255
 144 198 255
 142 196 255
 140 194 255
 138 192 255
 136 190 255
 134 187 255
 132 185 255
 130 183 255
 128 181 255
 126 179 255
 124 176 255
 122 174 255
 120 172 255
 118 169 255
 116 167 255
 114 165 255
 112 162 255
 110 160 255
 108 157 255
 106 155 255
 104 152 255
 102 150 255
 100 147 255
  98 145 255
  96 142 255
  94 140 255
  92 137 255
  90 134 255
  88 132 255
  86 129 255
  84 126 255
  82 123 255
  80 121 255
  78 118 255
  76 115 255
  74 112 255
  72 109 255
  70 107 255
  68 104 255
  66 101 255
  64  98 255
  62  95 255
  60  92 255
  58  89 255
  56  86 255
  54  83 255
  52  80 255
  50  77 255
  48  74 255
  46  71 255
  44  68 255
  42  65 255
  40  62 255
  38  59 255
  36  56 255
  34  53 255
  32  50 255
  30  47 255
  28  44 255
  26  41 255
  24  38 255
  22  34 255
  20  31 255
  18  28 255
  16  25 255
  14  22 255
  12  19 255
  10  16 255
   8  13 255
   6   9 255
   4   6 255
   2   3 255
   0   0 255
