 255 255 128
 243 254 128
 230 253 128
 218 252 128
 205 251 128
 192 250 128
 180 249 128
 167 248 128
 155 247 128
 142 246 128
 130 245 128
 118 244 128
 105 243 128
  92 242 128
  80 241 128
  67 240 128
  55 239 128
  42 238 128
  30 237 128
  17 236 128
   5 235 128
   1 234 128
   3 233 128
   5 232 128
   7 231 128
   9 230 128
  11 229 128
  13 228 128
  15 227 128
  17 226 128
  19 225 128
  21 224 128
  23 223 128
  25 222 128
  27 221 128
  29 220 128
  31 219 128
  33 218 128
  35 217 128
  37 216 128
  39 215 128
  41 214 128
  43 213 128
  45 212 128
  47 211 128
  49 210 128
  51 209 128
  53 208 128
  55 207 128
  57 206 128
  59 205 128
  61 204 128
  63 203 128
  65 202 128
  67 201 128
  69 200 128
  71 199 128
  73 198 128
  75 197 128
  77 196 128
  79 195 128
  81 194 128
  83 193 128
  85 192 128
  87 191 128
  89 190 128
  91 189 128
  93 188 128
  95 187 128
  97 186 128
  99 185 128
 101 184 128
 103 183 128
 105 182 128
 107 181 128
 109 180 128
 111 179 128
 113 178 128
 115 177 128
 117 176 128
 119 175 128
 121 174 128
 123 173 128
 125 172 128
 127 171 128
 129 170 128
 131 169 128
 133 168 128
 135 167 128
 137 166 128
 139 165 128
 141 164 128
 143 163 128
 145 162 128
 147 161 128
 149 160 128
 151 159 128
 153 158 128
 155 157 128
 157 156 128
 159 155 128
 161 154 128
 163 153 128
 165 152 128
 167 151 128
 169 150 128
 171 149 128
 173 148 128
 175 147 128
 177 146 128
 179 145 128
 181 144 128
 183 143 128
 185 142 128
 187 141 128
 189 140 128
 191 139 128
 193 138 128
 195 137 128
 197 136 128
 199 135 128
 201 134 128
 203 133 128
 205 132 128
 207 131 128
 209 130 128
 211 129 128
 213 128 128
 215 127 128
 217 126 128
 219 125 128
 221 124 128
 223 123 128
 225 122 128
 227 121 128
 229 120 128
 231 119 128
 233 118 128
 235 117 128
 237 116 128
 239 115 128
 241 114 128
 243 113 128
 245 112 128
 247 111 128
 249 110 128
 251 109 128
 253 108 128
 255 107 128
 255 106 128
 255 105 128
 255 104 128
 255 103 128
 255 102 128
 255 101 128
 255 100 128
 255  99 128
 255  98 128
 255  97 128
 255  96 128
 255  95 128
 255  94 128
 255  93 128
 255  92 128
 255  91 128
 255  90 128
 255  89 128
 255  88 128
 255  87 128
 255  86 128
 255  85 128
 255  84 128
 255  83 128
 255  82 128
 255  81 128
 255  80 128
 255  79 128
 255  78 128
 255  77 128
 255  76 128
 255  75 128
 255  74 128
 255  73 128
 255  72 128
 255  71 128
 255  70 128
 255  69 128
 255  68 128
 255  67 128
 255  66 128
 255  65 128
 255  64 128
 252  63 128
 248  62 128
 244  61 128
 240  60 128
 236  59 128
 232  58 128
 228  57 128
 224  56 128
 220  55 128
 216  54 128
 212  53 128
 208  52 128
 204  51 128
 200  50 128
 196  49 128
 192  48 128
 188  47 128
 184  46 128
 180  45 128
 176  44 128
 172  43 128
 168  42 128
 164  41 128
 160  40 128
 156  39 128
 152  38 128
 148  37 128
 144  36 128
 140  35 128
 136  34 128
 132  33 128
 128  32 128
 124  31 128
 120  30 128
 116  29 128
 112  28 128
 108  27 128
 104  26 128
 100  25 128
  96  24 128
  92  23 128
  88  22 128
  84  21 128
  80  20 128
  76  19 128
  72  18 128
  68  17 128
  64  16 128
  60  15 128
  56  14 128
  52  13 128
  48  12 128
  44  11 128
  40  10 128
  36   9 128
  32   8 128
  28   7 128
  24   6 128
  20   5 128
  16   4 128
  12   3 128
   8   2 128
   4   1 128
   0   0 128
