 228  26  28
 223  29  32
 219  31  37
 214  34  41
 209  37  45
 204  40  49
 200  42  54
 195  45  58
 190  48  62
 185  51  67
 181  53  71
 176  56  75
 171  59  79
 166  62  84
 162  64  88
 157  67  92
 152  70  97
 147  73 101
 143  75 105
 138  78 109
 133  81 114
 128  84 118
 124  86 122
 119  89 126
 114  92 131
 109  95 135
 105  97 139
 100 100 144
  95 103 148
  90 106 152
  86 108 156
  81 111 161
  76 114 165
  71 117 169
  67 119 174
  62 122 178
  57 125 182
  55 127 182
  56 128 179
  57 129 176
  57 131 173
  58 132 170
  58 133 167
  59 135 164
  60 136 161
  60 138 158
  61 139 155
  61 140 152
  62 142 149
  63 143 146
  63 144 143
  64 146 140
  64 147 137
  65 148 134
  66 150 131
  66 151 128
  67 152 125
  67 154 122
  68 155 119
  69 156 116
  69 158 113
  70 159 110
  70 160 107
  71 162 104
  72 163 101
  72 164  98
  73 166  95
  73 167  92
  74 168  89
  75 170  86
  75 171  83
  76 173  80
  76 174  77
  77 175  74
  79 172  77
  81 169  79
  83 167  82
  86 164  84
  88 161  87
  90 159  89
  92 156  91
  94 153  94
  96 151  96
  98 148  99
 100 145 101
 102 143 104
 104 140 106
 106 137 109
 108 135 111
 110 132 113
 112 129 116
 114 127 118
 116 124 121
 118 121 123
 121 119 126
 123 116 128
 125 113 131
 127 111 133
 129 108 135
 131 105 138
 133 103 140
 135 100 143
 137  97 145
 139  95 148
 141  92 150
 143  89 153
 145  87 155
 147  84 157
 149  81 160
 151  79 162
 154  79 160
 157  80 155
 160  82 151
 163  83 146
 165  84 142
 168  86 137
 171  87 133
 174  88 128
 177  90 124
 179  91 120
 182  92 115
 185  94 111
 188  95 106
 191  96 102
 194  98  97
 196  99  93
 199 100  88
 202 102  84
 205 103  79
 208 105  75
 211 106  70
 213 107  66
 216 109  61
 219 110  57
 222 111  52
 225 113  48
 228 114  43
 230 115  39
 233 117  35
 236 118  30
 239 119  26
 242 121  21
 244 122  17
 247 123  12
 250 125   8
 253 126   3
 255 128   0
 255 132   2
 255 135   3
 255 139   5
 255 142   6
 255 146   7
 255 149   9
 255 153  10
 255 156  12
 255 160  13
 255 163  14
 255 167  16
 255 170  17
 255 174  19
 255 177  20
 255 181  21
 255 184  23
 255 188  24
 255 191  26
 255 195  27
 255 198  28
 255 202  30
 255 205  31
 255 209  33
 255 212  34
 255 216  35
 255 219  37
 255 223  38
 255 226  40
 255 230  41
 255 233  42
 255 237  44
 255 240  45
 255 244  47
 255 247  48
 255 251  49
 255 254  51
 253 251  51
 250 246  50
 248 242  50
 246 237  50
 243 232  50
 241 228  49
 238 223  49
 236 219  49
 233 214  48
 231 209  48
 228 205  48
 226 200  47
 224 195  47
 221 191  47
 219 186  47
 216 181  46
 214 177  46
 211 172  46
 209 168  45
 206 163  45
 204 158  45
 202 154  44
 199 149  44
 197 144  44
 194 140  43
 192 135  43
 189 130  43
 187 126  43
 184 121  42
 182 116  42
 180 112  42
 177 107  41
 175 103  41
 172  98  41
 170  93  40
 167  89  40
 167  87  42
 169  88  46
 171  89  50
 174  90  54
 176  91  58
 178  92  63
 180  94  67
 183  95  71
 185  96  75
 187  97  79
 189  98  83
 191  99  87
 194 101  92
 196 102  96
 198 103 100
 200 104 104
 203 105 108
 205 107 112
 207 108 116
 209 109 121
 211 110 125
 214 111 129
 216 112 133
 218 114 137
 220 115 141
 223 116 145
 225 117 150
 227 118 154
 229 120 158
 231 121 162
 234 122 166
 236 123 170
 238 124 174
 240 125 179
 243 127 183
 245 128 187
 247 129 191
