 141 211 199
 144 212 198
 147 213 198
 150 215 197
 154 216 197
 157 217 196
 160 218 196
 163 219 195
 166 221 195
 169 222 194
 172 223 194
 175 224 193
 179 225 192
 182 227 192
 185 228 191
 188 229 191
 191 230 190
 194 232 190
 197 233 189
 200 234 189
 204 235 188
 207 236 187
 210 238 187
 213 239 186
 216 240 186
 219 241 185
 222 242 185
 225 244 184
 229 245 184
 232 246 183
 235 247 183
 238 248 182
 241 250 181
 244 251 181
 247 252 180
 251 253 180
 254 254 179
 254 254 180
 252 252 181
 250 250 182
 249 248 183
 247 246 184
 245 244 185
 243 243 186
 241 241 187
 240 239 188
 238 237 189
 236 235 190
 234 233 191
 233 231 192
 231 229 194
 229 227 195
 227 226 196
 225 224 197
 224 222 198
 222 220 199
 220 218 200
 218 216 201
 217 214 202
 215 212 203
 213 210 204
 211 208 205
 209 207 206
 208 205 207
 206 203 209
 204 201 210
 202 199 211
 200 197 212
 199 195 213
 197 193 214
 195 191 215
 193 190 216
 192 188 217
 190 186 218
 192 184 215
 194 183 212
 195 181 209
 197 179 206
 199 178 203
 200 176 200
 202 175 198
 204 173 195
 205 171 192
 207 170 189
 209 168 186
 210 167 183
 212 165 180
 214 163 178
 215 162 175
 217 160 172
 219 159 169
 220 157 166
 222 156 163
 224 154 160
 225 152 158
 227 151 155
 229 149 152
 230 148 149
 232 146 146
 234 144 143
 235 143 141
 237 141 138
 239 140 135
 240 138 132
 242 136 129
 244 135 126
 245 133 123
 247 132 121
 249 130 118
 251 128 115
 249 129 116
 245 130 119
 242 132 121
 238 133 124
 235 134 127
 232 136 129
 228 137 132
 225 138 135
 222 140 137
 218 141 140
 215 142 143
 211 144 145
 208 145 148
 205 146 151
 201 148 153
 198 149 156
 195 150 159
 191 152 161
 188 153 164
 184 155 166
 181 156 169
 178 157 172
 174 159 174
 171 160 177
 168 161 180
 164 163 182
 161 164 185
 157 165 188
 154 167 190
 151 168 193
 147 169 196
 144 171 198
 141 172 201
 137 173 204
 134 175 206
 130 176 209
 129 177 210
 132 177 207
 136 177 204
 139 177 201
 143 177 198
 146 177 195
 150 178 192
 153 178 188
 156 178 185
 160 178 182
 163 178 179
 167 178 176
 170 178 173
 174 178 170
 177 178 167
 180 178 164
 184 178 160
 187 178 157
 191 179 154
 194 179 151
 198 179 148
 201 179 145
 204 179 142
 208 179 139
 211 179 136
 215 179 133
 218 179 129
 222 179 126
 225 179 123
 228 179 120
 232 179 117
 235 180 114
 239 180 111
 242 180 108
 246 180 105
 249 180 102
 253 180  98
 251 181  98
 249 182  98
 247 183  99
 245 184  99
 243 186  99
 241 187  99
 239 188  99
 237 189 100
 235 190 100
 233 191 100
 231 193 100
 229 194 100
 227 195 100
 225 196 101
 223 197 101
 221 198 101
 219 199 101
 217 201 101
 215 202 102
 213 203 102
 211 204 102
 209 205 102
 207 206 102
 205 208 103
 203 209 103
 200 210 103
 198 211 103
 196 212 103
 194 213 104
 192 214 104
 190 216 104
 188 217 104
 186 218 104
 184 219 105
 182 220 105
 180 221 105
 180 222 106
 182 221 110
 184 221 113
 186 220 117
 188 220 120
 190 219 123
 192 219 127
 194 219 130
 196 218 134
 198 218 137
 200 217 140
 202 217 144
 204 216 147
 206 216 151
 208 215 154
 210 215 158
 212 214 161
 214 214 164
 216 213 168
 218 213 171
 220 212 175
 222 212 178
 224 212 181
 226 211 185
 228 211 188
 230 210 192
 232 210 195
 234 209 198
 236 209 202
 238 208 205
 240 208 209
 242 207 212
 244 207 215
 246 206 219
 248 206 222
 250 205 226
 252 205 229
