   0   0   0
  13   0   0
  25   1   0
  38   3   0
  50   5   0
  62   7   0
  74  10   0
  86  14   0
  98  18   0
 109  23   0
 121  28   0
 132  34   0
 142  40   0
 152  47   0
 162  53   0
 172  61   0
 181  68   0
 190  76   0
 198  84   0
 205  92   0
 213 100   0
 219 108   0
 225 117   0
 231 125   0
 236 133   0
 241 141   0
 244 150   0
 248 157   0
 250 165   0
 252 172   0
 254 179   0
 255 186   0
 255 192   0
 255 198   0
 254 203   0
 252 208   0
 250 212   0
 247 215   0
 243 218   0
 239 220   0
 235 221   0
 230 222   0
 224 221   0
 215 218   0
 203 211   0
 192 203   0
 180 196   0
 168 187   0
 156 179   0
 144 169   0
 132 160   0
 120 150   0
 108 140   0
  97 129   0
  86 118   0
  75 107   0
  65  95   0
  55  83   0
  45  71   0
  36  59   0
  28  47   0
  19  34   0
  12  22   0
   5   9   0
   2   3   0
   7  16   0
  13  28   0
  17  41   0
  21  53   0
  25  65   0
  27  77   0
  29  89   0
  31 101   0
  32 112   0
  32 123   0
  32 134   0
  31 145   0
  29 155   0
  27 165   0
  25 174   0
  22 183   0
  18 192   0
  14 200   0
  10 207   0
   5 214   0
   0 221   0
   0 227   5
   0 232  11
   0 237  17
   0 242  23
   0 245  29
   0 248  35
   0 251  41
   0 253  48
   0 254  54
   0 255  60
   0 255  66
   0 254  72
   0 253  77
   0 251  83
   0 249  88
   0 246  93
   0 243  97
   0 238 101
   0 234 104
   0 228 107
   0 222 110
   0 216 112
   0 209 113
   0 202 114
   0 194 114
   0 185 113
   0 176 112
   0 167 110
   0 157 107
   0 147 104
   0 137 100
   0 126  95
   0 115  89
   0 104  83
   0  92  76
   0  80  68
   0  68  59
   0  56  50
   0  44  40
   0  31  29
   0  19  18
   0   6   6
   0   6   6
   0  18  19
   0  29  31
   0  40  44
   0  50  56
   0  59  68
   0  68  80
   0  76  92
   0  83 104
   0  89 115
   0  95 126
   0 100 137
   0 104 147
   0 107 157
   0 110 167
   0 112 176
   0 113 185
   0 114 194
   0 114 202
   0 113 209
   0 112 216
   0 110 222
   0 107 228
   0 104 234
   0 101 238
   0  97 243
   0  93 246
   0  88 249
   0  83 251
   0  77 253
   0  72 254
   0  66 255
   0  60 255
   0  54 254
   0  48 253
   0  41 251
   0  35 248
   0  29 245
   0  23 242
   0  17 237
   0  11 232
   0   5 227
   0   0 221
   5   0 214
  10   0 207
  14   0 200
  18   0 192
  22   0 183
  25   0 174
  27   0 165
  29   0 155
  31   0 145
  32   0 134
  32   0 123
  32   0 112
  31   0 101
  29   0  89
  27   0  77
  25   0  65
  21   0  53
  17   0  41
  13   0  28
   7   0  16
   2   0   3
   5   0   9
  12   0  22
  19   0  34
  28   0  47
  36   0  59
  45   0  71
  55   0  83
  65   0  95
  75   0 107
  86   0 118
  97   0 129
 108   0 140
 120   0 150
 132   0 160
 144   0 169
 156   0 179
 168   0 187
 180   0 196
 192   0 203
 203   0 211
 215   0 218
 224   0 221
 230   0 222
 235   0 221
 239   0 220
 243   0 218
 247   0 215
 250   0 212
 252   0 208
 254   0 203
 255   0 198
 255   0 192
 255   0 186
 254   0 179
 252   0 172
 250   0 165
 248   0 157
 244   0 150
 241   0 141
 236   0 133
 231   0 125
 225   0 117
 219   0 108
 213   0 100
 205   0  92
 198   0  84
 190   0  76
 181   0  68
 172   0  61
 162   0  53
 152   0  47
 142   0  40
 132   0  34
 121   0  28
 109   0  23
  98   0  18
  86   0  14
  74   0  10
  62   0   7
  50   0   5
  38   0   3
  25   0   1
  13   0   0
   0   0   0
