213 062 079
214 063 079
215 065 078
216 066 078
216 067 078
217 068 077
218 070 077
219 071 077
220 072 076
221 074 076
222 075 076
222 076 075
223 077 075
224 079 075
225 080 074
226 081 074
227 083 074
227 084 073
228 085 073
229 087 073
230 088 072
231 089 072
232 090 072
233 092 071
233 093 071
234 094 071
235 096 070
236 097 070
237 098 070
238 099 069
239 101 069
239 102 069
240 103 068
241 105 068
242 106 068
243 107 067
244 108 067
244 110 067
244 112 068
245 114 069
245 115 070
245 117 071
245 119 072
246 121 072
246 123 073
246 124 074
246 126 075
247 128 076
247 130 077
247 131 077
247 133 078
248 135 079
248 137 080
248 139 081
248 140 081
249 142 082
249 144 083
249 146 084
249 147 085
250 149 086
250 151 086
250 153 087
250 155 088
251 156 089
251 158 090
251 160 091
251 162 091
252 164 092
252 165 093
252 167 094
252 169 095
253 171 095
253 172 096
253 174 097
253 176 098
253 177 099
253 178 101
253 180 102
253 181 103
253 182 104
253 184 105
253 185 106
253 187 108
253 188 109
253 189 110
253 191 111
253 192 112
253 193 113
253 195 114
253 196 116
253 198 117
253 199 118
254 200 119
254 202 120
254 203 121
254 204 123
254 206 124
254 207 125
254 209 126
254 210 127
254 211 128
254 213 129
254 214 131
254 215 132
254 217 133
254 218 134
254 219 135
254 221 136
254 222 138
254 224 139
254 224 139
253 225 140
252 226 140
252 226 140
251 227 141
250 227 141
250 228 141
249 228 142
248 229 142
248 230 142
247 230 143
246 231 143
246 231 144
245 232 144
244 232 144
244 233 145
243 234 145
242 234 145
242 235 146
241 235 146
240 236 146
240 237 147
239 237 147
238 238 147
238 238 148
237 239 148
236 239 149
236 240 149
235 241 149
234 241 150
234 242 150
233 242 150
232 243 151
232 243 151
231 244 151
230 245 152
230 245 152
228 244 152
226 243 153
225 243 153
223 242 153
221 242 154
220 241 154
218 240 154
217 240 155
215 239 155
213 238 155
212 238 156
210 237 156
208 236 156
207 236 157
205 235 157
204 234 157
202 234 158
200 233 158
199 232 158
197 232 159
196 231 159
194 230 159
192 230 160
191 229 160
189 228 160
187 228 161
186 227 161
184 226 161
183 226 162
181 225 162
179 224 162
178 224 163
176 223 163
174 222 163
173 222 164
171 221 164
169 220 164
167 220 164
166 219 164
164 218 164
162 217 164
160 217 164
158 216 164
156 215 164
154 214 164
152 214 164
150 213 164
149 212 164
147 211 164
145 211 164
143 210 164
141 209 164
139 209 164
137 208 164
135 207 165
133 206 165
131 206 165
130 205 165
128 204 165
126 203 165
124 203 165
122 202 165
120 201 165
118 200 165
116 200 165
114 199 165
113 198 165
111 197 165
109 197 165
107 196 165
105 195 165
103 194 165
101 193 165
100 192 166
099 190 167
097 189 167
096 187 168
094 185 169
093 184 169
091 182 170
090 181 171
089 179 171
087 177 172
086 176 173
084 174 173
083 173 174
081 171 175
080 169 175
079 168 176
077 166 176
076 165 177
074 163 178
073 161 178
071 160 179
070 158 180
069 157 180
067 155 181
066 154 182
064 152 182
063 150 183
061 149 184
060 147 184
059 146 185
057 144 186
056 142 186
054 141 187
053 139 188
051 138 188
050 136 189
