   0 255   0
   0 248   0
   0 241   0
   0 234   0
   0 227   0
   0 220   0
   0 213   0
   0 206   0
   0 199   0
   0 192   0
   0 185   0
   0 178   0
   0 171   0
   0 164   0
   0 157   0
   0 150   0
   0 143   0
   0 136   0
   0 129   0
   0 122   0
   0 115   0
   0 108   0
   0 101   0
   0  94   0
   0  87   0
   0  80   0
   0  73   0
   0  66   0
   0  59   0
   0  52   0
   0  45   0
   0  38   0
   0  31   0
   0  24   0
   0  17   0
   0  10   0
   0   3   0
 251   0   0
 244   0   0
 237   0   0
 230   0   0
 223   0   0
 216   0   0
 209   0   0
 202   0   0
 195   0   0
 188   0   0
 181   0   0
 174   0   0
 167   0   0
 160   0   0
 153   0   0
 146   0   0
 139   0   0
 132   0   0
 125   0   0
 118   0   0
 111   0   0
 104   0   0
  97   0   0
  90   0   0
  83   0   0
  76   0   0
  69   0   0
  62   0   0
  55   0   0
  48   0   0
  41   0   0
  34   0   0
  27   0   0
  20   0   0
  13   0   0
   6   0   0
 254 164   0
 247 160   0
 240 155   0
 233 151   0
 226 146   0
 219 142   0
 212 137   0
 205 133   0
 198 128   0
 191 124   0
 184 119   0
 177 115   0
 170 110   0
 163 105   0
 156 101   0
 149  96   0
 142  92   0
 135  87   0
 128  83   0
 121  78   0
 114  74   0
 107  69   0
 100  65   0
  93  60   0
  86  56   0
  79  51   0
  72  47   0
  65  42   0
  58  38   0
  51  33   0
  44  28   0
  37  24   0
  30  19   0
  23  15   0
  16  10   0
   9   6   0
   2   1   0
 250 250   0
 243 243   0
 236 236   0
 229 229   0
 222 222   0
 215 215   0
 208 208   0
 201 201   0
 194 194   0
 187 187   0
 180 180   0
 173 173   0
 166 166   0
 159 159   0
 152 152   0
 145 145   0
 138 138   0
 131 131   0
 124 124   0
 117 117   0
 110 110   0
 103 103   0
  96  96   0
  89  89   0
  82  82   0
  75  75   0
  68  68   0
  61  61   0
  54  54   0
  47  47   0
  40  40   0
  33  33   0
  26  26   0
  19  19   0
  12  12   0
   5   5   0
   0 253 253
   0 246 246
   0 239 239
   0 232 232
   0 225 225
   0 218 218
   0 211 211
   0 204 204
   0 197 197
   0 190 190
   0 183 183
   0 176 176
   0 169 169
   0 162 162
   0 155 155
   0 148 148
   0 141 141
   0 134 134
   0 127 127
   0 120 120
   0 113 113
   0 106 106
   0  99  99
   0  92  92
   0  85  85
   0  78  78
   0  71  71
   0  64  64
   0  57  57
   0  50  50
   0  43  43
   0  36  36
   0  29  29
   0  22  22
   0  15  15
   0   8   8
   0   1   1
   0   0 249
   0   0 242
   0   0 235
   0   0 228
   0   0 221
   0   0 214
   0   0 207
   0   0 200
   0   0 193
   0   0 186
   0   0 179
   0   0 172
   0   0 165
   0   0 158
   0   0 151
   0   0 144
   0   0 137
   0   0 130
   0   0 123
   0   0 116
   0   0 109
   0   0 102
   0   0  95
   0   0  88
   0   0  81
   0   0  74
   0   0  67
   0   0  60
   0   0  53
   0   0  46
   0   0  39
   0   0  32
   0   0  25
   0   0  18
   0   0  11
   0   0   4
 252   0 252
 245   0 245
 238   0 238
 231   0 231
 224   0 224
 217   0 217
 210   0 210
 203   0 203
 196   0 196
 189   0 189
 182   0 182
 175   0 175
 168   0 168
 161   0 161
 154   0 154
 147   0 147
 140   0 140
 133   0 133
 126   0 126
 119   0 119
 112   0 112
 105   0 105
  98   0  98
  91   0  91
  84   0  84
  77   0  77
  70   0  70
  63   0  63
  56   0  56
  49   0  49
  42   0  42
  35   0  35
  28   0  28
  21   0  21
  14   0  14
   7   0   7
   0   0   0
