   0 255   0
   7 255   7
  14 255  14
  21 255  21
  28 255  28
  35 255  35
  42 255  42
  49 255  49
  56 255  56
  63 255  63
  70 255  70
  77 255  77
  84 255  84
  91 255  91
  98 255  98
 105 255 105
 112 255 112
 119 255 119
 126 255 126
 133 255 133
 140 255 140
 147 255 147
 154 255 154
 161 255 161
 168 255 168
 175 255 175
 182 255 182
 189 255 189
 196 255 196
 203 255 203
 210 255 210
 217 255 217
 224 255 224
 231 255 231
 238 255 238
 245 255 245
 252 255 252
 255   4   4
 255  11  11
 255  18  18
 255  25  25
 255  32  32
 255  39  39
 255  46  46
 255  53  53
 255  60  60
 255  67  67
 255  74  74
 255  81  81
 255  88  88
 255  95  95
 255 102 102
 255 109 109
 255 116 116
 255 123 123
 255 130 130
 255 137 137
 255 144 144
 255 151 151
 255 158 158
 255 165 165
 255 172 172
 255 179 179
 255 186 186
 255 193 193
 255 200 200
 255 207 207
 255 214 214
 255 221 221
 255 228 228
 255 235 235
 255 242 242
 255 249 249
 255 165   1
 255 168   8
 255 170  15
 255 173  22
 255 175  29
 255 178  36
 255 180  43
 255 183  50
 255 185  57
 255 188  64
 255 190  71
 255 193  78
 255 195  85
 255 197  92
 255 200  99
 255 202 106
 255 205 113
 255 207 120
 255 210 127
 255 212 134
 255 215 141
 255 217 148
 255 220 155
 255 222 162
 255 225 169
 255 227 176
 255 230 183
 255 232 190
 255 235 197
 255 237 204
 255 239 211
 255 242 218
 255 244 225
 255 247 232
 255 249 239
 255 252 246
 255 254 253
 255 255   5
 255 255  12
 255 255  19
 255 255  26
 255 255  33
 255 255  40
 255 255  47
 255 255  54
 255 255  61
 255 255  68
 255 255  75
 255 255  82
 255 255  89
 255 255  96
 255 255 103
 255 255 110
 255 255 117
 255 255 124
 255 255 131
 255 255 138
 255 255 145
 255 255 152
 255 255 159
 255 255 166
 255 255 173
 255 255 180
 255 255 187
 255 255 194
 255 255 201
 255 255 208
 255 255 215
 255 255 222
 255 255 229
 255 255 236
 255 255 243
 255 255 250
   2 255 255
   9 255 255
  16 255 255
  23 255 255
  30 255 255
  37 255 255
  44 255 255
  51 255 255
  58 255 255
  65 255 255
  72 255 255
  79 255 255
  86 255 255
  93 255 255
 100 255 255
 107 255 255
 114 255 255
 121 255 255
 128 255 255
 135 255 255
 142 255 255
 149 255 255
 156 255 255
 163 255 255
 170 255 255
 177 255 255
 184 255 255
 191 255 255
 198 255 255
 205 255 255
 212 255 255
 219 255 255
 226 255 255
 233 255 255
 240 255 255
 247 255 255
 254 255 255
   6   6 255
  13  13 255
  20  20 255
  27  27 255
  34  34 255
  41  41 255
  48  48 255
  55  55 255
  62  62 255
  69  69 255
  76  76 255
  83  83 255
  90  90 255
  97  97 255
 104 104 255
 111 111 255
 118 118 255
 125 125 255
 132 132 255
 139 139 255
 146 146 255
 153 153 255
 160 160 255
 167 167 255
 174 174 255
 181 181 255
 188 188 255
 195 195 255
 202 202 255
 209 209 255
 216 216 255
 223 223 255
 230 230 255
 237 237 255
 244 244 255
 251 251 255
 255   3 255
 255  10 255
 255  17 255
 255  24 255
 255  31 255
 255  38 255
 255  45 255
 255  52 255
 255  59 255
 255  66 255
 255  73 255
 255  80 255
 255  87 255
 255  94 255
 255 101 255
 255 108 255
 255 115 255
 255 122 255
 255 129 255
 255 136 255
 255 143 255
 255 150 255
 255 157 255
 255 164 255
 255 171 255
 255 178 255
 255 185 255
 255 192 255
 255 199 255
 255 206 255
 255 213 255
 255 220 255
 255 227 255
 255 234 255
 255 241 255
 255 248 255
 255 255 255
