   0   0   0
   3   0   1
   6   0   2
   9   0   3
  13   0   4
  16   0   5
  19   0   6
  22   0   7
  25   0   8
  28   0   9
  31   0  10
  34   0  11
  38   0  12
  41   0  13
  44   0  14
  47   0  15
  50   0  16
  53   0  17
  56   0  18
  59   0  19
  62   0  20
  65   0  21
  68   0  22
  71   0  23
  74   0  24
  77   0  25
  80   0  26
  83   0  27
  86   0  28
  89   0  29
  92   0  30
  95   0  31
  98   0  32
 101   0  33
 104   0  34
 107   0  35
 109   0  36
 112   0  37
 115   0  38
 118   0  39
 121   0  40
 123   0  41
 126   0  42
 129   0  43
 132   0  44
 134   0  45
 137   0  46
 140   0  47
 142   0  48
 145   0  49
 147   0  50
 150   0  51
 152   0  52
 155   0  53
 157   0  54
 160   0  55
 162   0  56
 165   0  57
 167   0  58
 169   0  59
 172   0  60
 174   0  61
 176   0  62
 179   0  63
 181   1  64
 183   4  65
 185   7  66
 187  10  67
 190  13  68
 192  16  69
 194  20  70
 196  23  71
 198  26  72
 200  29  73
 202  32  74
 203  35  75
 205  38  76
 207  41  77
 209  45  78
 211  48  79
 213  51  80
 214  54  81
 216  57  82
 218  60  83
 219  63  84
 221  66  85
 222  70  86
 224  73  87
 225  76  88
 227  79  89
 228  82  90
 230  85  91
 231  88  92
 232  91  93
 234  95  94
 235  98  95
 236 101  96
 237 104  97
 238 107  98
 239 110  99
 241 113 100
 242 116 101
 243 120 102
 243 123 103
 244 126 104
 245 129 105
 246 132 106
 247 135 107
 248 138 108
 248 141 109
 249 145 110
 250 148 111
 250 151 112
 251 154 113
 251 157 114
 252 160 115
 252 163 116
 253 166 117
 253 170 118
 254 173 119
 254 176 120
 254 179 121
 254 182 122
 255 185 123
 255 188 124
 255 191 125
 255 195 126
 255 198 127
 255 201 128
 255 204 129
 255 207 130
 255 210 131
 255 213 132
 254 216 133
 254 220 134
 254 223 135
 254 226 136
 253 229 137
 253 232 138
 252 235 139
 252 238 140
 251 241 141
 251 245 142
 250 248 143
 250 251 144
 249 254 145
 248 255 146
 248 255 147
 247 255 148
 246 255 149
 245 255 150
 244 255 151
 243 255 152
 243 255 153
 242 255 154
 241 255 155
 239 255 156
 238 255 157
 237 255 158
 236 255 159
 235 255 160
 234 255 161
 232 255 162
 231 255 163
 230 255 164
 228 255 165
 227 255 166
 225 255 167
 224 255 168
 222 255 169
 221 255 170
 219 255 171
 218 255 172
 216 255 173
 214 255 174
 213 255 175
 211 255 176
 209 255 177
 207 255 178
 205 255 179
 203 255 180
 202 255 181
 200 255 182
 198 255 183
 196 255 184
 194 255 185
 192 255 186
 190 255 187
 187 255 188
 185 255 189
 183 255 190
 181 255 191
 179 255 192
 176 255 193
 174 255 194
 172 255 195
 169 255 196
 167 255 197
 165 255 198
 162 255 199
 160 255 200
 157 255 201
 155 255 202
 152 255 203
 150 255 204
 147 255 205
 145 255 206
 142 255 207
 140 255 208
 137 255 209
 134 255 210
 132 255 211
 129 255 212
 126 255 213
 123 255 214
 121 255 215
 118 255 216
 115 255 217
 112 255 218
 109 255 219
 107 255 220
 104 255 221
 101 255 222
  98 255 223
  95 255 224
  92 255 225
  89 255 226
  86 255 227
  83 255 228
  80 255 229
  77 255 230
  74 255 231
  71 255 232
  68 255 233
  65 255 234
  62 255 235
  59 255 236
  56 255 237
  53 255 238
  50 255 239
  47 255 240
  44 255 241
  41 255 242
  38 255 243
  34 255 244
  31 255 245
  28 255 246
  25 255 247
  22 255 248
  19 255 249
  16 255 250
  13 255 251
   9 255 252
   6 255 253
   3 255 254
   0 255 255
