 255 255 255
 236 229 237
 216 202 219
 197 176 202
 177 150 184
 158 123 166
 138  97 148
 119  70 131
 100  44 113
  80  18  95
  68   2  85
  69   3  86
  69   4  88
  69   6  89
  70   7  91
  70   9  92
  70  11  94
  71  12  95
  71  14  97
  71  15  98
  71  17 100
  71  18 101
  72  20 102
  72  21 104
  72  23 105
  72  24 106
  72  26 108
  72  27 109
  72  28 110
  72  30 111
  72  31 113
  72  32 114
  72  34 115
  72  35 116
  72  36 117
  72  38 118
  72  39 119
  72  40 120
  72  42 121
  71  43 122
  71  44 123
  71  46 124
  71  47 125
  71  48 125
  70  49 126
  70  51 127
  70  52 128
  69  53 129
  69  54 129
  69  56 130
  68  57 131
  68  58 131
  68  59 132
  67  61 132
  67  62 133
  66  63 133
  66  64 134
  66  66 134
  65  67 135
  65  68 135
  64  69 136
  64  70 136
  63  72 136
  63  73 137
  62  74 137
  62  75 137
  61  76 138
  61  77 138
  60  79 138
  60  80 139
  59  81 139
  59  82 139
  58  83 139
  58  84 140
  57  85 140
  57  86 140
  56  88 140
  56  89 140
  55  90 140
  55  91 141
  54  92 141
  54  93 141
  53  94 141
  53  95 141
  52  96 141
  52  97 141
  51  98 141
  51  99 141
  50 100 142
  50 101 142
  49 102 142
  49 103 142
  48 104 142
  48 105 142
  47 106 142
  47 107 142
  47 108 142
  46 109 142
  46 110 142
  45 111 142
  45 112 142
  44 113 142
  44 114 142
  44 115 142
  43 116 142
  43 117 142
  42 118 142
  42 119 142
  42 120 142
  41 121 142
  41 122 142
  40 123 142
  40 124 142
  40 125 142
  39 126 142
  39 127 142
  39 128 142
  38 129 142
  38 130 142
  37 131 142
  37 132 142
  37 133 142
  36 134 142
  36 135 142
  36 136 142
  35 137 142
  35 138 141
  34 139 141
  34 140 141
  34 141 141
  33 142 141
  33 143 141
  33 144 141
  32 145 140
  32 146 140
  32 147 140
  32 148 140
  31 149 140
  31 150 139
  31 151 139
  31 152 139
  31 153 138
  31 154 138
  30 155 138
  30 156 138
  30 156 137
  31 157 137
  31 158 136
  31 159 136
  31 160 136
  31 161 135
  31 162 135
  32 163 134
  32 164 134
  33 165 133
  33 166 133
  34 167 132
  34 168 132
  35 169 131
  36 170 131
  37 171 130
  38 172 130
  39 173 129
  40 174 128
  41 175 128
  42 176 127
  43 177 126
  44 178 126
  46 178 125
  47 179 124
  48 180 123
  50 181 122
  51 182 122
  53 183 121
  54 184 120
  56 185 119
  58 186 118
  59 187 117
  61 188 116
  63 188 115
  65 189 114
  66 190 113
  68 191 112
  70 192 111
  72 193 110
  74 194 109
  76 194 108
  78 195 107
  80 196 106
  82 197 104
  85 198 103
  87 199 102
  89 199 101
  91 200  99
  93 201  98
  96 202  97
  98 202  95
 100 203  94
 102 204  93
 105 205  91
 107 205  90
 110 206  89
 112 207  87
 114 207  86
 117 208  84
 119 209  83
 122 210  81
 124 210  79
 127 211  78
 130 211  76
 132 212  75
 135 213  73
 137 213  71
 140 214  70
 143 214  68
 145 215  66
 148 216  65
 151 216  63
 153 217  61
 156 217  59
 159 218  58
 162 218  56
 164 219  54
 167 219  52
 170 220  50
 173 220  49
 175 221  47
 178 221  45
 181 222  43
 184 222  41
 186 222  40
 189 223  38
 192 223  36
 195 224  35
 198 224  33
 200 224  32
 203 225  30
 206 225  29
 209 225  28
 211 226  27
 214 226  26
 217 226  25
 220 227  25
 222 227  24
 225 227  24
 228 228  24
 230 228  25
 233 228  25
 235 229  26
 238 229  27
 241 229  29
 243 230  30
 246 230  31
 248 230  33
 251 231  35
 253 231  37
