 255 255 229
 255 255 228
 255 255 227
 254 255 225
 254 255 224
 254 255 223
 254 255 222
 253 254 221
 253 254 219
 253 254 218
 253 254 217
 253 254 216
 252 254 215
 252 254 213
 252 254 212
 252 254 211
 251 254 210
 251 254 208
 251 254 207
 251 253 206
 251 253 205
 250 253 204
 250 253 202
 250 253 201
 250 253 200
 250 253 199
 249 253 198
 249 253 196
 249 253 195
 249 253 194
 248 253 193
 248 252 192
 248 252 190
 248 252 189
 248 252 188
 247 252 187
 247 252 186
 247 252 185
 246 251 184
 245 251 183
 244 251 183
 243 250 182
 242 250 182
 242 250 181
 241 250 180
 240 249 180
 239 249 179
 238 249 179
 237 248 178
 237 248 177
 236 248 177
 235 247 176
 234 247 176
 233 247 175
 233 246 174
 232 246 174
 231 246 173
 230 245 173
 229 245 172
 228 245 171
 228 244 171
 227 244 170
 226 244 170
 225 243 169
 224 243 168
 223 243 168
 223 242 167
 222 242 167
 221 242 166
 220 241 165
 219 241 165
 219 241 164
 218 240 164
 217 240 163
 216 239 162
 214 239 162
 213 238 161
 212 238 161
 211 237 160
 210 237 159
 208 236 159
 207 236 158
 206 235 158
 205 235 157
 204 234 157
 202 234 156
 201 233 155
 200 233 155
 199 232 154
 198 232 154
 196 231 153
 195 231 153
 194 230 152
 193 229 151
 191 229 151
 190 228 150
 189 228 150
 188 227 149
 187 227 149
 185 226 148
 184 226 147
 183 225 147
 182 225 146
 181 224 146
 179 224 145
 178 223 144
 177 223 144
 176 222 143
 175 222 143
 173 221 142
 172 221 142
 171 220 141
 169 219 140
 168 219 140
 166 218 139
 165 217 139
 163 217 138
 162 216 138
 160 215 137
 159 215 136
 157 214 136
 156 214 135
 155 213 135
 153 212 134
 152 212 134
 150 211 133
 149 210 132
 147 210 132
 146 209 131
 144 209 131
 143 208 130
 141 207 129
 140 207 129
 138 206 128
 137 205 128
 136 205 127
 134 204 127
 133 204 126
 131 203 125
 130 202 125
 128 202 124
 127 201 124
 125 200 123
 124 200 123
 122 199 122
 121 198 121
 120 198 121
 118 197 120
 117 196 119
 115 196 118
 114 195 118
 112 194 117
 111 193 116
 109 193 115
 107 192 115
 106 191 114
 104 190 113
 103 190 112
 101 189 112
 100 188 111
  98 187 110
  97 187 109
  95 186 108
  94 185 108
  92 184 107
  91 184 106
  89 183 105
  88 182 105
  86 181 104
  85 181 103
  83 180 102
  82 179 102
  80 179 101
  79 178 100
  77 177  99
  76 176  98
  74 176  98
  73 175  97
  71 174  96
  70 173  95
  68 173  95
  67 172  94
  65 171  93
  64 170  92
  63 169  92
  63 168  91
  62 167  90
  61 166  90
  60 165  89
  59 164  88
  59 163  87
  58 162  87
  57 160  86
  56 159  85
  55 158  85
  54 157  84
  54 156  83
  53 155  82
  52 154  82
  51 153  81
  50 152  80
  49 151  80
  49 150  79
  48 149  78
  47 148  77
  46 147  77
  45 145  76
  45 144  75
  44 143  75
  43 142  74
  42 141  73
  41 140  72
  40 139  72
  40 138  71
  39 137  70
  38 136  70
  37 135  69
  36 134  68
  35 133  67
  35 132  67
  34 130  66
  33 129  66
  32 128  65
  31 127  65
  30 126  64
  29 125  64
  28 123  64
  27 122  63
  26 121  63
  25 120  62
  24 119  62
  23 118  61
  22 117  61
  21 115  60
  20 114  60
  19 113  59
  18 112  59
  17 111  58
  16 110  58
  15 108  57
  14 107  57
  13 106  57
  12 105  56
  12 104  56
  11 103  55
  10 102  55
   9 100  54
   8  99  54
   7  98  53
   6  97  53
   5  96  52
   4  95  52
   3  93  51
   2  92  51
   1  91  50
   0  90  50
