 255 255 217
 255 255 216
 254 255 215
 254 254 214
 253 254 213
 253 254 212
 252 254 210
 252 254 209
 251 253 208
 251 253 207
 250 253 206
 250 253 205
 249 253 204
 249 253 203
 248 252 202
 248 252 201
 247 252 199
 247 252 198
 246 252 197
 246 251 196
 245 251 195
 245 251 194
 244 251 193
 244 251 192
 243 250 191
 243 250 190
 242 250 188
 242 250 187
 241 250 186
 241 249 185
 240 249 184
 240 249 183
 239 249 182
 239 249 181
 238 248 180
 238 248 179
 237 248 177
 236 248 177
 235 247 177
 234 247 177
 233 247 177
 232 246 177
 231 246 177
 230 245 178
 229 245 178
 228 244 178
 227 244 178
 226 244 178
 225 243 178
 224 243 178
 223 242 178
 222 242 178
 221 242 178
 220 241 178
 219 241 178
 218 240 179
 217 240 179
 216 240 179
 214 239 179
 213 239 179
 212 238 179
 211 238 179
 210 237 179
 209 237 179
 208 237 179
 207 236 179
 206 236 179
 205 235 180
 204 235 180
 203 235 180
 202 234 180
 201 234 180
 200 233 180
 199 233 180
 197 232 180
 195 231 180
 193 231 181
 191 230 181
 189 229 181
 187 228 181
 185 228 181
 183 227 182
 181 226 182
 179 225 182
 177 224 182
 175 224 182
 173 223 183
 171 222 183
 169 221 183
 167 221 183
 165 220 183
 163 219 183
 161 218 184
 159 218 184
 157 217 184
 155 216 184
 153 215 184
 151 214 185
 149 214 185
 147 213 185
 145 212 185
 143 211 185
 141 211 186
 139 210 186
 137 209 186
 135 208 186
 133 208 186
 132 207 187
 130 206 187
 128 205 187
 126 205 187
 124 204 187
 122 203 188
 121 203 188
 119 202 188
 117 201 188
 116 201 189
 114 200 189
 112 199 189
 110 199 189
 109 198 190
 107 198 190
 105 197 190
 104 196 190
 102 196 191
 100 195 191
  99 194 191
  97 194 191
  95 193 192
  93 193 192
  92 192 192
  90 191 192
  88 191 193
  87 190 193
  85 189 193
  83 189 193
  82 188 194
  80 188 194
  78 187 194
  76 186 194
  75 186 195
  73 185 195
  71 184 195
  70 184 195
  68 183 196
  66 182 196
  65 182 196
  64 181 196
  63 180 196
  62 179 196
  61 178 196
  60 177 195
  59 176 195
  58 175 195
  57 174 195
  56 173 195
  55 172 195
  54 171 195
  53 170 195
  52 169 195
  51 167 194
  50 166 194
  49 165 194
  48 164 194
  47 163 194
  46 162 194
  45 161 194
  44 160 194
  43 159 194
  42 158 193
  41 157 193
  40 156 193
  39 155 193
  38 154 193
  37 153 193
  36 152 193
  35 151 193
  34 150 193
  33 149 192
  32 148 192
  31 147 192
  30 146 192
  29 145 192
  29 144 191
  29 142 191
  29 141 190
  30 140 189
  30 138 189
  30 137 188
  30 135 187
  30 134 187
  30 133 186
  30 131 186
  30 130 185
  31 128 184
  31 127 184
  31 126 183
  31 124 182
  31 123 182
  31 121 181
  31 120 180
  32 119 180
  32 117 179
  32 116 178
  32 114 178
  32 113 177
  32 112 176
  32 110 176
  33 109 175
  33 107 174
  33 106 174
  33 105 173
  33 103 172
  33 102 172
  33 100 171
  34  99 170
  34  98 170
  34  96 169
  34  95 168
  34  93 168
  33  92 167
  33  91 166
  32  89 165
  31  88 164
  31  87 163
  30  85 162
  30  84 161
  29  82 160
  28  81 159
  28  80 158
  27  78 157
  26  77 156
  26  76 155
  25  74 154
  25  73 153
  24  71 152
  23  70 151
  23  69 150
  22  67 149
  22  66 148
  21  65 147
  20  63 146
  20  62 145
  19  60 144
  19  59 143
  18  58 142
  17  56 141
  17  55 140
  16  54 139
  16  52 138
  15  51 137
  14  49 136
  14  48 135
  13  47 134
  13  45 133
  12  44 132
