 255 255 229
 255 255 228
 255 255 227
 255 254 226
 255 254 224
 255 254 223
 255 254 222
 255 253 221
 255 253 220
 255 253 219
 255 253 218
 255 253 217
 255 252 215
 255 252 214
 255 252 213
 255 252 212
 255 251 211
 255 251 210
 255 251 209
 255 251 208
 255 251 206
 255 250 205
 255 250 204
 255 250 203
 255 250 202
 255 250 201
 255 249 200
 255 249 199
 255 249 197
 255 249 196
 255 248 195
 255 248 194
 255 248 193
 255 248 192
 255 248 191
 255 247 190
 255 247 188
 255 247 187
 255 246 186
 255 246 185
 255 245 184
 255 244 183
 255 244 181
 255 243 180
 255 243 179
 255 242 178
 255 242 177
 255 241 176
 255 241 174
 255 240 173
 255 240 172
 255 239 171
 255 238 170
 255 238 168
 255 237 167
 254 237 166
 254 236 165
 254 236 164
 254 235 163
 254 235 161
 254 234 160
 254 234 159
 254 233 158
 254 232 157
 254 232 155
 254 231 154
 254 231 153
 254 230 152
 254 230 151
 254 229 150
 254 229 148
 254 228 147
 254 227 146
 254 227 145
 254 226 143
 254 225 141
 254 224 139
 254 223 137
 254 223 136
 254 222 134
 254 221 132
 254 220 130
 254 219 128
 254 218 127
 254 218 125
 254 217 123
 254 216 121
 254 215 119
 254 214 118
 254 213 116
 254 212 114
 254 212 112
 254 211 110
 254 210 109
 254 209 107
 254 208 105
 254 207 103
 254 206 101
 254 206  99
 254 205  98
 254 204  96
 254 203  94
 254 202  92
 254 201  90
 254 200  89
 254 200  87
 254 199  85
 254 198  83
 254 197  81
 254 196  80
 254 195  78
 254 194  77
 254 193  76
 254 192  75
 254 190  74
 254 189  73
 254 188  72
 254 187  71
 254 186  70
 254 185  69
 254 183  68
 254 182  67
 254 181  66
 254 180  65
 254 179  64
 254 177  63
 254 176  62
 254 175  61
 254 174  59
 254 173  58
 254 172  57
 254 170  56
 254 169  55
 254 168  54
 254 167  53
 254 166  52
 254 164  51
 254 163  50
 254 162  49
 254 161  48
 254 160  47
 254 159  46
 254 157  45
 254 156  44
 254 155  43
 254 154  42
 254 153  41
 253 152  40
 253 150  40
 252 149  39
 252 148  39
 251 147  38
 251 146  37
 250 145  37
 250 144  36
 249 143  36
 249 141  35
 248 140  34
 248 139  34
 247 138  33
 247 137  33
 246 136  32
 246 135  32
 245 134  31
 245 132  30
 244 131  30
 244 130  29
 243 129  29
 243 128  28
 242 127  28
 242 126  27
 242 125  26
 241 123  26
 241 122  25
 240 121  25
 240 120  24
 239 119  24
 239 118  23
 238 117  22
 238 116  22
 237 114  21
 237 113  21
 236 112  20
 235 111  20
 234 110  19
 233 109  19
 233 108  18
 232 107  18
 231 106  17
 230 105  17
 229 104  16
 228 103  16
 227 102  15
 226 101  15
 226 100  14
 225  99  14
 224  98  13
 223  97  13
 222  96  12
 221  95  12
 220  94  11
 219  93  11
 219  92  10
 218  91  10
 217  90   9
 216  89   9
 215  88   8
 214  87   8
 213  86   7
 212  85   7
 212  84   6
 211  83   6
 210  82   5
 209  82   5
 208  81   4
 207  80   4
 206  79   3
 205  78   3
 205  77   2
 203  76   2
 201  75   2
 200  74   2
 198  73   2
 196  72   2
 194  71   2
 193  71   2
 191  70   2
 189  69   2
 187  68   3
 186  67   3
 184  66   3
 182  65   3
 180  65   3
 179  64   3
 177  63   3
 175  62   3
 173  61   3
 172  60   3
 170  59   3
 168  59   3
 166  58   3
 165  57   3
 163  56   3
 161  55   3
 159  54   3
 158  54   3
 156  53   4
 154  52   4
 152  51   4
 151  50   4
 149  49   4
 147  48   4
 145  48   4
 144  47   4
 142  46   4
 140  45   4
